[[7.2, 31.3, 54.2, 6.7, 0.5, 0.1, 0.0, 0.0, 0.0, 0.0, 0.0, 0.0, 0.0, 0.0, 0.0, 0.0], [0.0, 0.0, 0.1, 4.5, 12.5, 16.9, 17.2, 17.9, 13.6, 8.3, 4.8, 2.8, 1.1, 0.3, 0.0, 0.0], [24.2, 44.0, 29.2, 2.6, 0.0, 0.0, 0.0, 0.0, 0.0, 0.0, 0.0, 0.0, 0.0, 0.0, 0.0, 0.0], [0.0, 0.0, 0.2, 6.9, 17.6, 20.7, 19.3, 14.8, 9.7, 5.7, 3.1, 1.4, 0.4, 0.2, 0.0, 0.0], [68.6, 23.6, 7.4, 0.4, 0.0, 0.0, 0.0, 0.0, 0.0, 0.0, 0.0, 0.0, 0.0, 0.0, 0.0, 0.0], [0.0, 0.0, 0.0, 0.2, 2.0, 4.1, 7.7, 10.9, 14.6, 18.5, 16.1, 11.3, 7.6, 4.5, 2.0, 0.5], [0.0, 0.0, 0.0, 0.5, 2.1, 5.0, 9.8, 14.4, 18.9, 16.1, 12.6, 9.5, 5.6, 3.5, 1.5, 0.5], [0.0, 0.0, 0.0, 0.1, 1.1, 2.1, 4.6, 7.3, 11.3, 14.8, 15.6, 14.0, 12.0, 9.8, 5.6, 1.7], [0.0, 0.0, 0.0, 0.0, 0.0, 0.0, 0.1, 0.4, 1.0, 2.1, 4.3, 7.7, 11.8, 16.3, 21.2, 35.1], [0.0, 1.1, 7.9, 61.9, 17.7, 7.3, 2.9, 1.0, 0.2, 0.0, 0.0, 0.0, 0.0, 0.0, 0.0, 0.0], [0.0, 0.0, 0.0, 0.0, 0.0, 0.1, 0.2, 1.0, 2.5, 4.5, 7.7, 11.6, 14.5, 15.8, 21.7, 20.4], [0.0, 0.0, 0.0, 0.0, 0.2, 0.7, 1.3, 3.2, 5.5, 8.9, 12.2, 15.6, 17.9, 17.2, 12.1, 5.2], [0.0, 0.0, 0.2, 5.2, 17.8, 19.6, 18.5, 15.5, 10.3, 6.8, 4.0, 1.3, 0.7, 0.1, 0.0, 0.0], [0.0, 0.0, 0.0, 0.0, 0.2, 0.4, 1.5, 2.8, 4.6, 8.1, 12.6, 15.3, 16.3, 16.0, 14.3, 7.9], [0.0, 0.0, 0.8, 11.0, 28.2, 22.9, 16.6, 10.0, 6.1, 2.9, 1.2, 0.2, 0.1, 0.0, 0.0, 0.0], [0.0, 0.0, 0.0, 0.0, 0.1, 0.1, 0.3, 0.8, 1.7, 3.3, 5.8, 9.3, 12.0, 16.3, 21.6, 28.7]]