[[5, 4, 1, 0, 1, 74, 16, 10], [0, 15, 1, 0, 1, 73, 17, 10], [1, 11, 1, 3, 1, 46, 26, 28], [8, 10, 1, 1, 1, 50, 25, 25], [9, 6, 2, 2, 1, 19, 23, 58], [3, 2, 2, 0, 1, 55, 24, 21], [16, 13, 2, 1, 1, 54, 24, 22], [17, 14, 3, 1, 1, 35, 27, 38], [7, 12, 4, 1, 1, 55, 24, 21], [11, 3, 2, 2, 1, 31, 26, 43], [4, 1, 3, 2, 1, 40, 27, 33], [10, 5, 3, 1, 1, 28, 26, 46], [14, 7, 1, 3, 1, 28, 26, 46], [15, 17, 2, 0, 1, 42, 27, 31], [2, 0, 2, 2, 1, 46, 26, 28], [6, 16, 2, 2, 1, 51, 25, 24], [12, 9, 1, 0, 1, 60, 22, 18], [13, 8, 3, 0, 1, 41, 27, 32], [1, 10, 1, 1, 1, 37, 27, 36], [7, 15, 3, 0, 1, 75, 16, 9], [3, 4, 2, 1, 1, 76, 15, 9], [9, 16, 3, 2, 1, 23, 25, 52], [12, 14, 2, 2, 1, 56, 24, 20], [17, 2, 1, 1, 1, 23, 25, 52], [0, 11, 2, 1, 1, 51, 25, 24], [5, 13, 2, 1, 1, 61, 22, 17], [8, 6, 1, 2, 1, 35, 27, 38], [6, 5, 2, 3, 1, 43, 27, 30], [10, 3, 0, 1, 1, 30, 26, 44], [13, 1, 0, 2, 1, 52, 25, 23], [15, 12, 0, 2, 1, 33, 27, 40], [2, 7, 1, 1, 1, 40, 27, 33], [4, 0, 3, 0, 1, 27, 26, 47], [14, 9, 0, 2, 1, 51, 25, 24], [16, 8, 3, 1, 1, 54, 24, 22], [11, 17, 3, 2, 1, 65, 20, 15], [12, 2, 2, 0, 1, 40, 27, 33], [0, 10, 2, 1, 1, 51, 25, 24], [7, 11, 2, 0, 1, 56, 24, 20], [17, 4, 2, 4, 1, 36, 27, 37], [1, 6, 1, 4, 1, 34, 27, 39], [5, 16, 2, 2, 1, 57, 23, 20], [9, 8, 3, 2, 1, 41, 27, 32], [14, 15, 2, 4, 1, 51, 25, 24], [3, 13, 2, 0, 1, 74, 16, 10], [0, 1, 0, 0, 0, 58, 23, 19], [0, 2, 0, 0, 0, 49, 26, 25], [0, 3, 0, 0, 0, 32, 26, 42], [0, 4, 0, 0, 0, 55, 24, 21], [0, 5, 0, 0, 0, 37, 27, 36], [0, 6, 0, 0, 0, 40, 27, 33], [0, 7, 0, 0, 0, 39, 27, 34], [0, 8, 0, 0, 0, 60, 22, 18], [0, 9, 0, 0, 0, 61, 22, 17], [0, 12, 0, 0, 0, 50, 25, 25], [0, 13, 0, 0, 0, 58, 23, 19], [0, 14, 0, 0, 0, 72, 17, 11], [0, 16, 0, 0, 0, 46, 26, 28], [0, 17, 0, 0, 0, 73, 17, 10], [1, 0, 0, 0, 0, 34, 27, 39], [1, 2, 0, 0, 0, 37, 27, 36], [1, 3, 0, 0, 0, 21, 24, 55], [1, 4, 0, 0, 0, 43, 27, 30], [1, 5, 0, 0, 0, 25, 25, 50], [1, 7, 0, 0, 0, 27, 26, 47], [1, 8, 0, 0, 0, 47, 26, 27], [1, 9, 0, 0, 0, 49, 26, 25], [1, 12, 0, 0, 0, 38, 27, 35], [1, 13, 0, 0, 0, 46, 26, 28], [1, 14, 0, 0, 0, 58, 23, 19], [1, 15, 0, 0, 0, 55, 24, 21], [1, 16, 0, 0, 0, 34, 27, 39], [1, 17, 0, 0, 0, 59, 23, 18], [2, 1, 0, 0, 0, 56, 24, 20], [2, 3, 0, 0, 0, 28, 26, 46], [2, 4, 0, 0, 0, 52, 25, 23], [2, 5, 0, 0, 0, 35, 27, 38], [2, 6, 0, 0, 0, 38, 27, 35], [2, 8, 0, 0, 0, 57, 23, 20], [2, 9, 0, 0, 0, 58, 23, 19], [2, 10, 0, 0, 0, 51, 25, 24], [2, 11, 0, 0, 0, 48, 26, 26], [2, 12, 0, 0, 0, 47, 26, 27], [2, 13, 0, 0, 0, 56, 24, 20], [2, 14, 0, 0, 0, 69, 19, 12], [2, 15, 0, 0, 0, 65, 20, 15], [2, 16, 0, 0, 0, 43, 27, 30], [2, 17, 0, 0, 0, 70, 18, 12], [3, 0, 0, 0, 0, 61, 22, 17], [3, 1, 0, 0, 0, 75, 16, 9], [3, 5, 0, 0, 0, 52, 25, 23], [3, 6, 0, 0, 0, 55, 24, 21], [3, 7, 0, 0, 0, 53, 25, 22], [3, 8, 0, 0, 0, 76, 15, 9], [3, 9, 0, 0, 0, 78, 14, 8], [3, 10, 0, 0, 0, 69, 19, 12], [3, 11, 0, 0, 0, 66, 20, 14], [3, 12, 0, 0, 0, 65, 20, 15], [3, 14, 0, 0, 0, 86, 10, 4], [3, 15, 0, 0, 0, 82, 12, 6], [3, 16, 0, 0, 0, 61, 22, 17], [3, 17, 0, 0, 0, 87, 9, 4], [4, 2, 0, 0, 0, 40, 27, 33], [4, 3, 0, 0, 0, 23, 24, 53], [4, 5, 0, 0, 0, 28, 26, 46], [4, 6, 0, 0, 0, 32, 26, 42], [4, 7, 0, 0, 0, 30, 26, 44], [4, 8, 0, 0, 0, 50, 25, 25], [4, 9, 0, 0, 0, 52, 25, 23], [4, 10, 0, 0, 0, 43, 27, 30], [4, 11, 0, 0, 0, 41, 27, 32], [4, 12, 0, 0, 0, 40, 27, 33], [4, 13, 0, 0, 0, 49, 26, 25], [4, 14, 0, 0, 0, 61, 22, 17], [4, 15, 0, 0, 0, 58, 23, 19], [4, 16, 0, 0, 0, 37, 27, 36], [4, 17, 0, 0, 0, 63, 21, 16], [5, 0, 0, 0, 0, 55, 24, 21], [5, 1, 0, 0, 0, 69, 19, 12], [5, 2, 0, 0, 0, 58, 23, 19], [5, 3, 0, 0, 0, 41, 27, 32], [5, 6, 0, 0, 0, 49, 26, 25], [5, 7, 0, 0, 0, 48, 26, 26], [5, 8, 0, 0, 0, 70, 18, 12], [5, 9, 0, 0, 0, 72, 17, 11], [5, 10, 0, 0, 0, 63, 21, 16], [5, 11, 0, 0, 0, 61, 22, 17], [5, 12, 0, 0, 0, 59, 23, 18], [5, 14, 0, 0, 0, 81, 13, 6], [5, 15, 0, 0, 0, 78, 14, 8], [5, 17, 0, 0, 0, 82, 12, 6], [6, 0, 0, 0, 0, 52, 25, 23], [6, 1, 0, 0, 0, 65, 20, 15], [6, 2, 0, 0, 0, 55, 24, 21], [6, 3, 0, 0, 0, 38, 27, 35], [6, 4, 0, 0, 0, 61, 22, 17], [6, 7, 0, 0, 0, 46, 26, 28], [6, 8, 0, 0, 0, 66, 20, 14], [6, 9, 0, 0, 0, 68, 19, 13], [6, 10, 0, 0, 0, 59, 23, 18], [6, 11, 0, 0, 0, 57, 23, 20], [6, 12, 0, 0, 0, 55, 24, 21], [6, 13, 0, 0, 0, 66, 20, 14], [6, 14, 0, 0, 0, 78, 14, 8], [6, 15, 0, 0, 0, 75, 16, 9], [6, 17, 0, 0, 0, 79, 14, 7], [7, 0, 0, 0, 0, 54, 24, 22], [7, 1, 0, 0, 0, 68, 19, 13], [7, 2, 0, 0, 0, 57, 23, 20], [7, 3, 0, 0, 0, 39, 27, 34], [7, 4, 0, 0, 0, 64, 21, 15], [7, 5, 0, 0, 0, 46, 26, 28], [7, 6, 0, 0, 0, 48, 26, 26], [7, 8, 0, 0, 0, 68, 19, 13], [7, 9, 0, 0, 0, 70, 18, 12], [7, 10, 0, 0, 0, 61, 22, 17], [7, 13, 0, 0, 0, 68, 19, 13], [7, 14, 0, 0, 0, 80, 13, 7], [7, 16, 0, 0, 0, 54, 24, 22], [7, 17, 0, 0, 0, 80, 13, 7], [8, 0, 0, 0, 0, 33, 27, 40], [8, 1, 0, 0, 0, 46, 26, 28], [8, 2, 0, 0, 0, 36, 27, 37], [8, 3, 0, 0, 0, 20, 23, 57], [8, 4, 0, 0, 0, 42, 27, 31], [8, 5, 0, 0, 0, 24, 25, 51], [8, 7, 0, 0, 0, 26, 25, 49], [8, 9, 0, 0, 0, 48, 26, 26], [8, 11, 0, 0, 0, 38, 27, 35], [8, 12, 0, 0, 0, 37, 27, 36], [8, 13, 0, 0, 0, 46, 26, 28], [8, 14, 0, 0, 0, 57, 23, 20], [8, 15, 0, 0, 0, 54, 24, 22], [8, 16, 0, 0, 0, 33, 27, 40], [8, 17, 0, 0, 0, 58, 23, 19], [9, 0, 0, 0, 0, 32, 26, 42], [9, 1, 0, 0, 0, 43, 27, 30], [9, 2, 0, 0, 0, 34, 27, 39], [9, 3, 0, 0, 0, 18, 23, 59], [9, 4, 0, 0, 0, 41, 27, 32], [9, 5, 0, 0, 0, 23, 24, 53], [9, 7, 0, 0, 0, 24, 25, 51], [9, 10, 0, 0, 0, 38, 27, 35], [9, 11, 0, 0, 0, 36, 27, 37], [9, 12, 0, 0, 0, 35, 27, 38], [9, 13, 0, 0, 0, 43, 27, 30], [9, 14, 0, 0, 0, 55, 24, 21], [9, 15, 0, 0, 0, 52, 25, 23], [9, 17, 0, 0, 0, 56, 24, 20], [10, 0, 0, 0, 0, 39, 27, 34], [10, 1, 0, 0, 0, 52, 25, 23], [10, 2, 0, 0, 0, 42, 27, 31], [10, 4, 0, 0, 0, 48, 26, 26], [10, 6, 0, 0, 0, 34, 27, 39], [10, 7, 0, 0, 0, 32, 26, 42], [10, 8, 0, 0, 0, 52, 25, 23], [10, 9, 0, 0, 0, 55, 24, 21], [10, 11, 0, 0, 0, 45, 27, 28], [10, 12, 0, 0, 0, 43, 27, 30], [10, 13, 0, 0, 0, 52, 25, 23], [10, 14, 0, 0, 0, 64, 21, 15], [10, 15, 0, 0, 0, 60, 22, 18], [10, 16, 0, 0, 0, 39, 27, 34], [10, 17, 0, 0, 0, 66, 20, 14], [11, 0, 0, 0, 0, 41, 27, 32], [11, 1, 0, 0, 0, 54, 24, 22], [11, 2, 0, 0, 0, 45, 27, 28], [11, 4, 0, 0, 0, 51, 25, 24], [11, 5, 0, 0, 0, 33, 27, 40], [11, 6, 0, 0, 0, 36, 27, 37], [11, 7, 0, 0, 0, 34, 27, 39], [11, 8, 0, 0, 0, 55, 24, 21], [11, 9, 0, 0, 0, 56, 24, 20], [11, 10, 0, 0, 0, 48, 26, 26], [11, 12, 0, 0, 0, 46, 26, 28], [11, 13, 0, 0, 0, 54, 24, 22], [11, 14, 0, 0, 0, 66, 20, 14], [11, 15, 0, 0, 0, 63, 21, 16], [11, 16, 0, 0, 0, 41, 27, 32], [12, 0, 0, 0, 0, 42, 27, 31], [12, 1, 0, 0, 0, 55, 24, 21], [12, 3, 0, 0, 0, 28, 26, 46], [12, 4, 0, 0, 0, 52, 25, 23], [12, 5, 0, 0, 0, 34, 27, 39], [12, 6, 0, 0, 0, 37, 27, 36], [12, 7, 0, 0, 0, 35, 27, 38], [12, 8, 0, 0, 0, 56, 24, 20], [12, 10, 0, 0, 0, 49, 26, 25], [12, 11, 0, 0, 0, 47, 26, 27], [12, 13, 0, 0, 0, 55, 24, 21], [12, 15, 0, 0, 0, 64, 21, 15], [12, 16, 0, 0, 0, 42, 27, 31], [12, 17, 0, 0, 0, 69, 19, 12], [13, 0, 0, 0, 0, 34, 27, 39], [13, 2, 0, 0, 0, 37, 27, 36], [13, 3, 0, 0, 0, 20, 23, 57], [13, 4, 0, 0, 0, 43, 27, 30], [13, 5, 0, 0, 0, 25, 25, 50], [13, 6, 0, 0, 0, 28, 26, 46], [13, 7, 0, 0, 0, 27, 26, 47], [13, 9, 0, 0, 0, 48, 26, 26], [13, 10, 0, 0, 0, 41, 27, 32], [13, 11, 0, 0, 0, 39, 27, 34], [13, 12, 0, 0, 0, 38, 27, 35], [13, 14, 0, 0, 0, 58, 23, 19], [13, 15, 0, 0, 0, 55, 24, 21], [13, 16, 0, 0, 0, 34, 27, 39], [13, 17, 0, 0, 0, 59, 23, 18], [14, 0, 0, 0, 0, 23, 24, 53], [14, 1, 0, 0, 0, 35, 27, 38], [14, 2, 0, 0, 0, 26, 25, 49], [14, 3, 0, 0, 0, 12, 19, 69], [14, 4, 0, 0, 0, 32, 26, 42], [14, 5, 0, 0, 0, 16, 21, 63], [14, 6, 0, 0, 0, 18, 22, 60], [14, 8, 0, 0, 0, 36, 27, 37], [14, 10, 0, 0, 0, 30, 26, 44], [14, 11, 0, 0, 0, 28, 26, 46], [14, 12, 0, 0, 0, 26, 25, 49], [14, 13, 0, 0, 0, 35, 27, 38], [14, 16, 0, 0, 0, 23, 24, 53], [14, 17, 0, 0, 0, 47, 26, 27], [15, 0, 0, 0, 0, 26, 25, 49], [15, 1, 0, 0, 0, 38, 27, 35], [15, 2, 0, 0, 0, 28, 26, 46], [15, 3, 0, 0, 0, 14, 20, 66], [15, 4, 0, 0, 0, 35, 27, 38], [15, 5, 0, 0, 0, 18, 22, 60], [15, 6, 0, 0, 0, 21, 24, 55], [15, 7, 0, 0, 0, 19, 23, 58], [15, 8, 0, 0, 0, 39, 27, 34], [15, 9, 0, 0, 0, 40, 27, 33], [15, 10, 0, 0, 0, 33, 27, 40], [15, 11, 0, 0, 0, 31, 26, 43], [15, 13, 0, 0, 0, 38, 27, 35], [15, 14, 0, 0, 0, 49, 26, 25], [15, 16, 0, 0, 0, 26, 25, 49], [16, 0, 0, 0, 0, 47, 26, 27], [16, 1, 0, 0, 0, 59, 23, 18], [16, 2, 0, 0, 0, 49, 26, 25], [16, 3, 0, 0, 0, 32, 27, 41], [16, 4, 0, 0, 0, 56, 24, 20], [16, 5, 0, 0, 0, 37, 27, 36], [16, 6, 0, 0, 0, 41, 27, 32], [16, 7, 0, 0, 0, 39, 27, 34], [16, 9, 0, 0, 0, 61, 22, 17], [16, 10, 0, 0, 0, 53, 25, 22], [16, 11, 0, 0, 0, 51, 25, 24], [16, 12, 0, 0, 0, 50, 25, 25], [16, 14, 0, 0, 0, 72, 17, 11], [16, 15, 0, 0, 0, 68, 19, 13], [16, 17, 0, 0, 0, 73, 17, 10], [17, 0, 0, 0, 0, 22, 24, 54], [17, 1, 0, 0, 0, 34, 27, 39], [17, 3, 0, 0, 0, 12, 18, 70], [17, 5, 0, 0, 0, 15, 21, 64], [17, 6, 0, 0, 0, 17, 22, 61], [17, 7, 0, 0, 0, 16, 21, 63], [17, 8, 0, 0, 0, 35, 27, 38], [17, 9, 0, 0, 0, 36, 27, 37], [17, 10, 0, 0, 0, 28, 26, 46], [17, 11, 0, 0, 0, 27, 25, 48], [17, 12, 0, 0, 0, 25, 25, 50], [17, 13, 0, 0, 0, 34, 27, 39], [17, 15, 0, 0, 0, 41, 27, 32], [17, 16, 0, 0, 0, 22, 24, 54]]