[[10.0, 10.0, 14.0, 4.0, 10.0, 2.0, 16.0, 0.0, 10.0, 8.0, 8.0, 0.0, 0.0, 0.0, 4.0, 4.0, 0.0, 0.0], [0.0, 0.0, 2.0, 0.0, 4.0, 0.0, 0.0, 2.0, 4.0, 10.0, 6.0, 12.0, 8.0, 12.0, 6.0, 8.0, 20.0, 6.0], [2.0, 0.0, 4.0, 12.0, 8.0, 10.0, 6.0, 6.0, 10.0, 4.0, 2.0, 4.0, 16.0, 4.0, 6.0, 6.0, 0.0, 0.0], [38.0, 20.0, 12.0, 8.0, 8.0, 4.0, 6.0, 2.0, 0.0, 2.0, 0.0, 0.0, 0.0, 0.0, 0.0, 0.0, 0.0, 0.0], [0.0, 0.0, 0.0, 4.0, 6.0, 14.0, 4.0, 12.0, 6.0, 8.0, 6.0, 10.0, 10.0, 8.0, 4.0, 4.0, 2.0, 2.0], [16.0, 26.0, 10.0, 8.0, 4.0, 8.0, 10.0, 6.0, 2.0, 0.0, 0.0, 2.0, 2.0, 2.0, 2.0, 2.0, 0.0, 0.0], [6.0, 16.0, 12.0, 8.0, 12.0, 8.0, 10.0, 2.0, 6.0, 6.0, 2.0, 4.0, 2.0, 2.0, 2.0, 2.0, 0.0, 0.0], [16.0, 16.0, 14.0, 14.0, 6.0, 6.0, 6.0, 2.0, 8.0, 8.0, 2.0, 2.0, 0.0, 0.0, 0.0, 0.0, 0.0, 0.0], [0.0, 0.0, 0.0, 2.0, 2.0, 0.0, 0.0, 0.0, 10.0, 6.0, 6.0, 16.0, 10.0, 10.0, 2.0, 16.0, 10.0, 10.0], [2.0, 0.0, 4.0, 6.0, 2.0, 2.0, 6.0, 12.0, 6.0, 6.0, 4.0, 4.0, 8.0, 14.0, 6.0, 8.0, 8.0, 2.0], [2.0, 2.0, 2.0, 4.0, 8.0, 4.0, 14.0, 10.0, 2.0, 14.0, 6.0, 4.0, 4.0, 2.0, 10.0, 2.0, 6.0, 4.0], [2.0, 4.0, 4.0, 6.0, 8.0, 12.0, 4.0, 10.0, 12.0, 4.0, 14.0, 2.0, 2.0, 8.0, 4.0, 2.0, 0.0, 2.0], [2.0, 0.0, 2.0, 14.0, 10.0, 8.0, 4.0, 10.0, 14.0, 8.0, 10.0, 4.0, 2.0, 4.0, 2.0, 0.0, 4.0, 2.0], [0.0, 2.0, 0.0, 0.0, 0.0, 4.0, 6.0, 8.0, 4.0, 4.0, 16.0, 10.0, 6.0, 10.0, 12.0, 10.0, 6.0, 2.0], [0.0, 0.0, 0.0, 0.0, 0.0, 0.0, 0.0, 4.0, 0.0, 2.0, 2.0, 4.0, 6.0, 4.0, 16.0, 10.0, 20.0, 32.0], [0.0, 0.0, 0.0, 0.0, 6.0, 2.0, 0.0, 0.0, 2.0, 6.0, 8.0, 10.0, 14.0, 8.0, 20.0, 12.0, 8.0, 4.0], [4.0, 4.0, 20.0, 10.0, 6.0, 14.0, 6.0, 14.0, 2.0, 4.0, 4.0, 6.0, 2.0, 2.0, 0.0, 0.0, 0.0, 2.0], [0.0, 0.0, 0.0, 0.0, 0.0, 2.0, 2.0, 0.0, 2.0, 0.0, 4.0, 6.0, 8.0, 10.0, 4.0, 14.0, 16.0, 32.0]]