[[0.0, 0.6, 5.7, 11.4, 14.4, 16.5, 15.2, 11.9, 8.9, 6.0, 3.9, 3.0, 1.6, 0.7, 0.2, 0.0, 0.0, 0.0], [0.0, 0.0, 0.0, 0.1, 0.3, 0.6, 1.2, 2.0, 3.9, 4.9, 7.0, 9.9, 12.1, 15.2, 17.1, 14.1, 8.3, 3.3], [41.8, 47.5, 7.7, 2.2, 0.6, 0.2, 0.0, 0.0, 0.0, 0.0, 0.0, 0.0, 0.0, 0.0, 0.0, 0.0, 0.0, 0.0], [0.0, 0.0, 0.3, 1.1, 2.8, 4.1, 6.9, 9.7, 11.0, 12.5, 12.6, 11.5, 9.3, 8.6, 5.8, 2.4, 1.2, 0.2], [1.0, 5.7, 26.9, 23.8, 16.3, 11.1, 6.7, 3.9, 2.1, 1.2, 0.6, 0.4, 0.2, 0.1, 0.0, 0.0, 0.0, 0.0], [0.0, 0.0, 0.0, 0.0, 0.0, 0.0, 0.1, 0.2, 0.2, 0.3, 0.7, 1.7, 2.5, 4.6, 8.1, 13.7, 26.1, 41.8], [55.9, 36.8, 5.1, 1.6, 0.4, 0.0, 0.1, 0.1, 0.0, 0.0, 0.0, 0.0, 0.0, 0.0, 0.0, 0.0, 0.0, 0.0], [1.1, 6.5, 32.6, 23.8, 15.2, 9.3, 5.3, 3.1, 1.5, 0.8, 0.4, 0.2, 0.1, 0.1, 0.0, 0.0, 0.0, 0.0], [0.0, 0.1, 0.4, 1.9, 4.1, 7.9, 10.6, 13.0, 13.9, 13.4, 11.0, 8.6, 6.8, 4.3, 2.4, 1.0, 0.5, 0.1], [0.0, 0.0, 0.0, 0.1, 0.1, 0.6, 0.9, 1.4, 2.8, 4.3, 6.2, 8.0, 11.4, 15.0, 17.9, 15.3, 11.1, 4.9], [0.1, 0.9, 7.8, 11.9, 16.4, 17.0, 15.1, 11.1, 7.2, 5.7, 2.9, 2.0, 1.1, 0.7, 0.1, 0.0, 0.0, 0.0], [0.0, 0.0, 0.1, 0.1, 0.8, 1.7, 3.1, 5.3, 7.8, 9.7, 12.0, 13.6, 15.0, 12.0, 8.8, 6.4, 2.8, 0.8], [0.1, 1.7, 12.2, 18.1, 19.2, 16.0, 12.4, 8.9, 5.3, 2.9, 1.8, 0.9, 0.3, 0.1, 0.1, 0.0, 0.0, 0.0], [0.0, 0.0, 0.0, 0.0, 0.0, 0.0, 0.0, 0.0, 0.3, 0.5, 1.0, 2.0, 3.7, 5.6, 9.8, 18.0, 25.8, 33.3], [0.0, 0.0, 0.0, 0.2, 1.2, 2.8, 5.1, 6.7, 10.0, 11.6, 12.5, 14.0, 12.3, 9.6, 7.8, 3.9, 2.0, 0.3], [0.0, 0.1, 0.4, 1.0, 2.9, 4.3, 6.3, 9.8, 11.2, 13.0, 13.4, 11.1, 10.4, 7.8, 5.1, 2.3, 0.7, 0.2], [0.0, 0.0, 0.0, 0.0, 0.1, 0.1, 0.2, 0.4, 1.0, 1.4, 3.0, 4.4, 6.8, 10.8, 14.2, 21.5, 21.2, 14.9], [0.0, 0.1, 0.8, 2.7, 5.2, 7.8, 10.8, 12.5, 12.9, 11.8, 11.0, 8.7, 6.4, 4.8, 2.6, 1.4, 0.3, 0.2]]