[[1, 10, 3, 1, 1, 69, 19, 12], [6, 0, 1, 0, 1, 46, 26, 28], [8, 15, 2, 0, 1, 59, 23, 18], [9, 16, 1, 0, 1, 54, 24, 22], [12, 7, 0, 1, 1, 58, 23, 19], [14, 13, 2, 0, 1, 39, 27, 34], [17, 2, 0, 3, 1, 31, 26, 43], [5, 3, 0, 0, 1, 51, 25, 24], [11, 4, 1, 0, 1, 46, 26, 28], [4, 6, 1, 3, 1, 49, 26, 25], [0, 11, 2, 2, 1, 39, 27, 34], [2, 8, 2, 0, 1, 66, 20, 14], [3, 17, 0, 1, 1, 46, 26, 28], [10, 9, 2, 2, 1, 30, 26, 44], [15, 12, 1, 0, 1, 36, 27, 37], [16, 1, 0, 2, 1, 27, 26, 47], [7, 14, 1, 0, 1, 28, 26, 46], [13, 5, 4, 1, 1, 55, 24, 21], [6, 13, 0, 2, 1, 41, 27, 32], [0, 4, 3, 0, 1, 46, 26, 28], [5, 2, 0, 0, 1, 26, 25, 49], [9, 1, 2, 0, 1, 35, 27, 38], [12, 10, 3, 1, 1, 38, 27, 35], [11, 3, 0, 1, 1, 58, 23, 19], [17, 7, 1, 1, 1, 55, 24, 21], [8, 16, 1, 1, 1, 40, 27, 33], [14, 15, 3, 1, 1, 66, 20, 14], [7, 6, 2, 0, 1, 36, 27, 37], [1, 12, 4, 0, 1, 78, 14, 8], [3, 0, 1, 2, 1, 42, 27, 31], [13, 11, 2, 2, 1, 56, 24, 20], [15, 17, 1, 0, 1, 33, 27, 40], [16, 14, 1, 2, 1, 46, 26, 28], [2, 4, 5, 0, 1, 68, 19, 13], [9, 8, 1, 1, 1, 68, 19, 13], [10, 5, 4, 0, 1, 46, 26, 28], [0, 13, 1, 0, 1, 38, 27, 35], [11, 15, 2, 0, 1, 63, 21, 16], [14, 1, 0, 3, 1, 28, 26, 46], [17, 16, 1, 1, 1, 40, 27, 33], [4, 3, 0, 1, 1, 48, 26, 26], [5, 7, 1, 1, 1, 48, 26, 26], [6, 2, 0, 3, 1, 27, 25, 48], [8, 10, 2, 1, 1, 46, 26, 28], [12, 9, 2, 3, 1, 24, 25, 51], [0, 1, 0, 0, 0, 25, 25, 50], [0, 2, 0, 0, 0, 31, 26, 43], [0, 3, 0, 0, 0, 54, 24, 22], [0, 5, 0, 0, 0, 56, 24, 20], [0, 6, 0, 0, 0, 55, 24, 21], [0, 7, 0, 0, 0, 57, 23, 20], [0, 8, 0, 0, 0, 51, 25, 24], [0, 9, 0, 0, 0, 33, 27, 40], [0, 10, 0, 0, 0, 52, 25, 23], [0, 12, 0, 0, 0, 58, 23, 19], [0, 14, 0, 0, 0, 47, 26, 27], [0, 15, 0, 0, 0, 66, 20, 14], [0, 16, 0, 0, 0, 49, 26, 25], [0, 17, 0, 0, 0, 55, 24, 21], [1, 0, 0, 0, 0, 70, 18, 12], [1, 2, 0, 0, 0, 52, 25, 23], [1, 3, 0, 0, 0, 78, 14, 8], [1, 4, 0, 0, 0, 82, 12, 6], [1, 5, 0, 0, 0, 80, 13, 7], [1, 6, 0, 0, 0, 79, 14, 7], [1, 7, 0, 0, 0, 80, 13, 7], [1, 8, 0, 0, 0, 75, 16, 9], [1, 9, 0, 0, 0, 55, 24, 21], [1, 11, 0, 0, 0, 71, 18, 11], [1, 13, 0, 0, 0, 64, 21, 15], [1, 14, 0, 0, 0, 70, 18, 12], [1, 15, 0, 0, 0, 87, 9, 4], [1, 16, 0, 0, 0, 73, 17, 10], [1, 17, 0, 0, 0, 80, 13, 7], [2, 0, 0, 0, 0, 63, 21, 16], [2, 1, 0, 0, 0, 40, 27, 33], [2, 3, 0, 0, 0, 72, 17, 11], [2, 5, 0, 0, 0, 74, 16, 10], [2, 6, 0, 0, 0, 72, 17, 11], [2, 7, 0, 0, 0, 74, 16, 10], [2, 9, 0, 0, 0, 48, 26, 26], [2, 10, 0, 0, 0, 70, 18, 12], [2, 11, 0, 0, 0, 63, 21, 16], [2, 12, 0, 0, 0, 76, 15, 9], [2, 13, 0, 0, 0, 58, 23, 19], [2, 14, 0, 0, 0, 63, 21, 16], [2, 15, 0, 0, 0, 82, 12, 6], [2, 16, 0, 0, 0, 66, 20, 14], [2, 17, 0, 0, 0, 73, 17, 10], [3, 1, 0, 0, 0, 18, 22, 60], [3, 2, 0, 0, 0, 23, 25, 52], [3, 4, 0, 0, 0, 49, 26, 25], [3, 5, 0, 0, 0, 48, 26, 26], [3, 6, 0, 0, 0, 47, 26, 27], [3, 7, 0, 0, 0, 48, 26, 26], [3, 8, 0, 0, 0, 42, 27, 31], [3, 9, 0, 0, 0, 25, 25, 50], [3, 10, 0, 0, 0, 46, 26, 28], [3, 11, 0, 0, 0, 39, 27, 34], [3, 12, 0, 0, 0, 50, 25, 25], [3, 13, 0, 0, 0, 34, 27, 39], [3, 14, 0, 0, 0, 39, 27, 34], [3, 15, 0, 0, 0, 58, 23, 19], [3, 16, 0, 0, 0, 41, 27, 32], [4, 0, 0, 0, 0, 36, 27, 37], [4, 1, 0, 0, 0, 15, 21, 64], [4, 2, 0, 0, 0, 21, 24, 55], [4, 5, 0, 0, 0, 46, 26, 28], [4, 7, 0, 0, 0, 46, 26, 28], [4, 8, 0, 0, 0, 40, 27, 33], [4, 9, 0, 0, 0, 23, 24, 53], [4, 10, 0, 0, 0, 41, 27, 32], [4, 11, 0, 0, 0, 36, 27, 37], [4, 12, 0, 0, 0, 47, 26, 27], [4, 13, 0, 0, 0, 31, 26, 43], [4, 14, 0, 0, 0, 36, 27, 37], [4, 15, 0, 0, 0, 55, 24, 21], [4, 16, 0, 0, 0, 38, 27, 35], [4, 17, 0, 0, 0, 46, 26, 28], [5, 0, 0, 0, 0, 36, 27, 37], [5, 1, 0, 0, 0, 16, 21, 63], [5, 4, 0, 0, 0, 47, 26, 27], [5, 6, 0, 0, 0, 46, 26, 28], [5, 8, 0, 0, 0, 41, 27, 32], [5, 9, 0, 0, 0, 24, 25, 51], [5, 10, 0, 0, 0, 42, 27, 31], [5, 11, 0, 0, 0, 37, 27, 36], [5, 12, 0, 0, 0, 48, 26, 26], [5, 13, 0, 0, 0, 32, 26, 42], [5, 14, 0, 0, 0, 37, 27, 36], [5, 15, 0, 0, 0, 55, 24, 21], [5, 16, 0, 0, 0, 39, 27, 34], [5, 17, 0, 0, 0, 46, 26, 28], [6, 1, 0, 0, 0, 17, 22, 61], [6, 3, 0, 0, 0, 46, 26, 28], [6, 4, 0, 0, 0, 48, 26, 26], [6, 5, 0, 0, 0, 48, 26, 26], [6, 7, 0, 0, 0, 48, 26, 26], [6, 8, 0, 0, 0, 42, 27, 31], [6, 9, 0, 0, 0, 25, 25, 50], [6, 10, 0, 0, 0, 45, 27, 28], [6, 11, 0, 0, 0, 39, 27, 34], [6, 12, 0, 0, 0, 49, 26, 25], [6, 14, 0, 0, 0, 38, 27, 35], [6, 15, 0, 0, 0, 57, 23, 20], [6, 16, 0, 0, 0, 40, 27, 33], [6, 17, 0, 0, 0, 47, 26, 27], [7, 0, 0, 0, 0, 36, 27, 37], [7, 1, 0, 0, 0, 16, 21, 63], [7, 2, 0, 0, 0, 21, 24, 55], [7, 3, 0, 0, 0, 43, 27, 30], [7, 4, 0, 0, 0, 47, 26, 27], [7, 5, 0, 0, 0, 46, 26, 28], [7, 8, 0, 0, 0, 40, 27, 33], [7, 9, 0, 0, 0, 23, 24, 53], [7, 10, 0, 0, 0, 42, 27, 31], [7, 11, 0, 0, 0, 37, 27, 36], [7, 12, 0, 0, 0, 48, 26, 26], [7, 13, 0, 0, 0, 32, 26, 42], [7, 15, 0, 0, 0, 55, 24, 21], [7, 16, 0, 0, 0, 39, 27, 34], [7, 17, 0, 0, 0, 46, 26, 28], [8, 0, 0, 0, 0, 41, 27, 32], [8, 1, 0, 0, 0, 21, 24, 55], [8, 2, 0, 0, 0, 26, 25, 49], [8, 3, 0, 0, 0, 49, 26, 25], [8, 4, 0, 0, 0, 52, 25, 23], [8, 5, 0, 0, 0, 52, 25, 23], [8, 6, 0, 0, 0, 50, 25, 25], [8, 7, 0, 0, 0, 52, 25, 23], [8, 9, 0, 0, 0, 28, 26, 46], [8, 11, 0, 0, 0, 42, 27, 31], [8, 12, 0, 0, 0, 54, 24, 22], [8, 13, 0, 0, 0, 37, 27, 36], [8, 14, 0, 0, 0, 42, 27, 31], [8, 17, 0, 0, 0, 51, 25, 24], [9, 0, 0, 0, 0, 60, 22, 18], [9, 2, 0, 0, 0, 43, 27, 30], [9, 3, 0, 0, 0, 69, 19, 12], [9, 4, 0, 0, 0, 72, 17, 11], [9, 5, 0, 0, 0, 71, 18, 11], [9, 6, 0, 0, 0, 70, 18, 12], [9, 7, 0, 0, 0, 72, 17, 11], [9, 10, 0, 0, 0, 68, 19, 13], [9, 11, 0, 0, 0, 61, 22, 17], [9, 12, 0, 0, 0, 73, 17, 10], [9, 13, 0, 0, 0, 55, 24, 21], [9, 14, 0, 0, 0, 60, 22, 18], [9, 15, 0, 0, 0, 80, 13, 7], [9, 17, 0, 0, 0, 70, 18, 12], [10, 0, 0, 0, 0, 40, 27, 33], [10, 1, 0, 0, 0, 19, 23, 58], [10, 2, 0, 0, 0, 25, 25, 50], [10, 3, 0, 0, 0, 48, 26, 26], [10, 4, 0, 0, 0, 51, 25, 24], [10, 6, 0, 0, 0, 48, 26, 26], [10, 7, 0, 0, 0, 51, 25, 24], [10, 8, 0, 0, 0, 46, 26, 28], [10, 11, 0, 0, 0, 40, 27, 33], [10, 12, 0, 0, 0, 52, 25, 23], [10, 13, 0, 0, 0, 36, 27, 37], [10, 14, 0, 0, 0, 40, 27, 33], [10, 15, 0, 0, 0, 59, 23, 18], [10, 16, 0, 0, 0, 42, 27, 31], [10, 17, 0, 0, 0, 49, 26, 25], [11, 0, 0, 0, 0, 46, 26, 28], [11, 1, 0, 0, 0, 24, 25, 51], [11, 2, 0, 0, 0, 30, 26, 44], [11, 5, 0, 0, 0, 55, 24, 21], [11, 6, 0, 0, 0, 54, 24, 22], [11, 7, 0, 0, 0, 56, 24, 20], [11, 8, 0, 0, 0, 50, 25, 25], [11, 9, 0, 0, 0, 33, 27, 40], [11, 10, 0, 0, 0, 52, 25, 23], [11, 12, 0, 0, 0, 58, 23, 19], [11, 13, 0, 0, 0, 41, 27, 32], [11, 14, 0, 0, 0, 46, 26, 28], [11, 16, 0, 0, 0, 48, 26, 26], [11, 17, 0, 0, 0, 55, 24, 21], [12, 0, 0, 0, 0, 35, 27, 38], [12, 1, 0, 0, 0, 15, 21, 64], [12, 2, 0, 0, 0, 20, 23, 57], [12, 3, 0, 0, 0, 42, 27, 31], [12, 4, 0, 0, 0, 46, 26, 28], [12, 5, 0, 0, 0, 46, 26, 28], [12, 6, 0, 0, 0, 42, 27, 31], [12, 8, 0, 0, 0, 39, 27, 34], [12, 11, 0, 0, 0, 35, 27, 38], [12, 13, 0, 0, 0, 30, 26, 44], [12, 14, 0, 0, 0, 35, 27, 38], [12, 15, 0, 0, 0, 54, 24, 22], [12, 16, 0, 0, 0, 37, 27, 36], [12, 17, 0, 0, 0, 43, 27, 30], [13, 0, 0, 0, 0, 51, 25, 24], [13, 1, 0, 0, 0, 28, 26, 46], [13, 2, 0, 0, 0, 35, 27, 38], [13, 3, 0, 0, 0, 59, 23, 18], [13, 4, 0, 0, 0, 63, 21, 16], [13, 6, 0, 0, 0, 60, 22, 18], [13, 7, 0, 0, 0, 61, 22, 17], [13, 8, 0, 0, 0, 55, 24, 21], [13, 9, 0, 0, 0, 38, 27, 35], [13, 10, 0, 0, 0, 58, 23, 19], [13, 12, 0, 0, 0, 63, 21, 16], [13, 14, 0, 0, 0, 51, 25, 24], [13, 15, 0, 0, 0, 72, 17, 11], [13, 16, 0, 0, 0, 54, 24, 22], [13, 17, 0, 0, 0, 60, 22, 18], [14, 0, 0, 0, 0, 46, 26, 28], [14, 2, 0, 0, 0, 31, 26, 43], [14, 3, 0, 0, 0, 54, 24, 22], [14, 4, 0, 0, 0, 57, 23, 20], [14, 5, 0, 0, 0, 56, 24, 20], [14, 6, 0, 0, 0, 55, 24, 21], [14, 7, 0, 0, 0, 56, 24, 20], [14, 8, 0, 0, 0, 51, 25, 24], [14, 9, 0, 0, 0, 33, 27, 40], [14, 10, 0, 0, 0, 52, 25, 23], [14, 11, 0, 0, 0, 47, 26, 27], [14, 12, 0, 0, 0, 58, 23, 19], [14, 16, 0, 0, 0, 48, 26, 26], [14, 17, 0, 0, 0, 55, 24, 21], [15, 0, 0, 0, 0, 28, 26, 46], [15, 1, 0, 0, 0, 11, 18, 71], [15, 2, 0, 0, 0, 14, 20, 66], [15, 3, 0, 0, 0, 35, 27, 38], [15, 4, 0, 0, 0, 38, 27, 35], [15, 5, 0, 0, 0, 37, 27, 36], [15, 6, 0, 0, 0, 36, 27, 37], [15, 7, 0, 0, 0, 38, 27, 35], [15, 8, 0, 0, 0, 32, 26, 42], [15, 9, 0, 0, 0, 16, 21, 63], [15, 10, 0, 0, 0, 34, 27, 39], [15, 11, 0, 0, 0, 28, 26, 46], [15, 13, 0, 0, 0, 23, 24, 53], [15, 14, 0, 0, 0, 28, 26, 46], [15, 16, 0, 0, 0, 30, 26, 44], [16, 0, 0, 0, 0, 43, 27, 30], [16, 2, 0, 0, 0, 28, 26, 46], [16, 3, 0, 0, 0, 51, 25, 24], [16, 4, 0, 0, 0, 55, 24, 21], [16, 5, 0, 0, 0, 53, 25, 22], [16, 6, 0, 0, 0, 52, 25, 23], [16, 7, 0, 0, 0, 54, 24, 22], [16, 8, 0, 0, 0, 48, 26, 26], [16, 9, 0, 0, 0, 30, 26, 44], [16, 10, 0, 0, 0, 49, 26, 25], [16, 11, 0, 0, 0, 45, 27, 28], [16, 12, 0, 0, 0, 55, 24, 21], [16, 13, 0, 0, 0, 39, 27, 34], [16, 15, 0, 0, 0, 63, 21, 16], [16, 17, 0, 0, 0, 52, 25, 23], [17, 0, 0, 0, 0, 37, 27, 36], [17, 1, 0, 0, 0, 17, 22, 61], [17, 3, 0, 0, 0, 46, 26, 28], [17, 4, 0, 0, 0, 48, 26, 26], [17, 5, 0, 0, 0, 47, 26, 27], [17, 6, 0, 0, 0, 46, 26, 28], [17, 8, 0, 0, 0, 41, 27, 32], [17, 9, 0, 0, 0, 24, 25, 51], [17, 10, 0, 0, 0, 43, 27, 30], [17, 11, 0, 0, 0, 38, 27, 35], [17, 12, 0, 0, 0, 48, 26, 26], [17, 13, 0, 0, 0, 33, 27, 40], [17, 14, 0, 0, 0, 37, 27, 36], [17, 15, 0, 0, 0, 56, 24, 20]]