[[0.0, 0.0, 0.5, 2.0, 3.6, 5.8, 7.3, 8.2, 9.0, 8.7, 9.0, 8.7, 8.5, 8.4, 7.5, 5.8, 4.8, 2.2], [91.5, 8.3, 0.2, 0.0, 0.0, 0.0, 0.0, 0.0, 0.0, 0.0, 0.0, 0.0, 0.0, 0.0, 0.0, 0.0, 0.0, 0.0], [0.0, 0.0, 0.1, 0.4, 1.0, 1.8, 3.2, 4.0, 4.9, 5.9, 6.9, 7.8, 10.0, 10.6, 12.3, 12.9, 11.6, 6.6], [8.5, 81.3, 8.0, 1.4, 0.5, 0.3, 0.0, 0.0, 0.0, 0.0, 0.0, 0.0, 0.0, 0.0, 0.0, 0.0, 0.0, 0.0], [0.0, 0.0, 0.2, 0.7, 1.6, 2.9, 4.3, 6.4, 7.2, 8.5, 8.5, 10.4, 9.8, 10.2, 9.1, 8.5, 7.9, 3.8], [0.0, 0.1, 1.0, 3.1, 5.0, 6.5, 9.7, 9.4, 9.8, 9.7, 9.6, 9.0, 7.6, 7.6, 5.2, 3.7, 2.2, 0.8], [0.0, 0.0, 1.0, 2.3, 5.2, 7.3, 8.4, 9.0, 9.4, 9.6, 9.4, 8.4, 8.0, 7.2, 5.8, 4.6, 3.2, 1.2], [0.0, 0.0, 0.0, 0.0, 0.0, 0.0, 0.2, 0.4, 0.7, 1.2, 1.8, 2.6, 3.6, 5.0, 7.4, 11.8, 19.9, 45.4], [0.0, 5.6, 37.0, 23.9, 13.7, 8.3, 4.8, 2.8, 1.8, 0.9, 0.5, 0.3, 0.2, 0.0, 0.1, 0.1, 0.0, 0.0], [0.0, 0.0, 0.0, 0.1, 0.2, 0.5, 1.1, 1.4, 2.0, 3.0, 4.1, 5.4, 6.8, 8.5, 11.2, 15.5, 19.5, 20.7], [0.0, 0.0, 0.4, 1.2, 2.3, 3.6, 4.8, 6.3, 8.2, 8.4, 10.1, 9.3, 10.8, 9.3, 9.0, 8.4, 5.3, 2.6], [0.0, 2.2, 21.3, 22.6, 18.0, 11.6, 8.0, 5.8, 4.2, 2.3, 1.8, 0.8, 0.7, 0.5, 0.1, 0.1, 0.0, 0.0], [0.0, 1.9, 20.4, 22.9, 17.9, 12.9, 8.9, 4.9, 3.7, 2.6, 1.5, 1.2, 0.7, 0.2, 0.1, 0.1, 0.0, 0.1], [0.0, 0.1, 1.6, 3.9, 6.9, 9.9, 10.4, 11.5, 10.5, 10.4, 8.2, 6.8, 6.5, 5.2, 3.8, 2.4, 1.2, 0.7], [0.0, 0.2, 2.6, 6.0, 9.0, 11.2, 12.1, 11.1, 9.5, 9.1, 8.2, 7.0, 4.8, 3.9, 2.7, 1.6, 0.9, 0.1], [0.0, 0.0, 0.1, 0.3, 1.0, 1.6, 2.4, 4.3, 5.2, 6.2, 7.6, 8.2, 8.7, 10.4, 11.4, 12.3, 12.1, 8.2], [0.0, 0.0, 0.0, 0.2, 0.7, 1.4, 2.6, 3.6, 4.9, 6.4, 7.0, 9.4, 10.1, 10.8, 13.1, 11.3, 11.0, 7.5], [0.0, 0.3, 5.6, 9.0, 13.4, 14.4, 11.8, 10.9, 9.0, 7.1, 5.8, 4.7, 3.2, 2.2, 1.2, 0.9, 0.4, 0.1]]