[[0, 8, 4, 3, 1, 60, 22, 18], [2, 10, 0, 2, 1, 16, 21, 63], [4, 3, 2, 3, 1, 74, 16, 10], [5, 7, 0, 3, 1, 61, 22, 17], [6, 14, 1, 0, 1, 55, 24, 21], [13, 15, 0, 0, 1, 46, 26, 28], [17, 9, 3, 3, 1, 26, 25, 49], [18, 1, 1, 0, 1, 41, 27, 32], [11, 19, 4, 0, 1, 60, 22, 18], [12, 16, 0, 2, 1, 12, 19, 69], [1, 17, 0, 2, 1, 52, 25, 23], [3, 18, 0, 1, 1, 48, 26, 26], [8, 2, 2, 0, 1, 63, 21, 16], [9, 5, 1, 0, 1, 66, 20, 14], [13, 19, 3, 2, 1, 47, 26, 27], [14, 0, 1, 0, 1, 28, 26, 46], [15, 11, 0, 4, 1, 32, 26, 42], [7, 12, 1, 0, 1, 52, 25, 23], [16, 4, 1, 2, 1, 50, 25, 25], [10, 6, 1, 1, 1, 56, 24, 20], [1, 10, 1, 2, 1, 25, 25, 50], [5, 15, 0, 2, 1, 42, 27, 31], [7, 13, 0, 0, 1, 37, 27, 36], [11, 8, 2, 0, 1, 64, 21, 15], [12, 19, 3, 0, 1, 33, 27, 40], [17, 2, 0, 0, 1, 61, 22, 17], [4, 6, 2, 0, 1, 60, 22, 18], [9, 0, 4, 0, 1, 47, 26, 27], [16, 3, 1, 1, 1, 71, 18, 11], [18, 14, 1, 1, 1, 47, 26, 27], [0, 1, 3, 0, 1, 63, 21, 16], [2, 18, 3, 1, 1, 30, 26, 44], [6, 16, 0, 3, 1, 35, 27, 38], [8, 4, 1, 2, 1, 23, 25, 52], [10, 9, 5, 0, 1, 48, 26, 26], [13, 17, 0, 2, 1, 49, 26, 25], [14, 11, 2, 2, 1, 28, 26, 46], [3, 5, 1, 0, 1, 55, 24, 21], [15, 12, 0, 1, 1, 60, 22, 18], [19, 7, 2, 0, 1, 48, 26, 26], [1, 2, 2, 1, 1, 52, 25, 23], [5, 13, 0, 1, 1, 39, 27, 34], [7, 8, 1, 1, 1, 37, 27, 36], [9, 3, 1, 1, 1, 61, 22, 17], [12, 14, 2, 1, 1, 35, 27, 38], [16, 15, 0, 0, 1, 73, 17, 10], [17, 10, 0, 6, 1, 26, 25, 49], [18, 19, 0, 0, 1, 48, 26, 26], [4, 0, 0, 0, 1, 58, 23, 19], [11, 6, 4, 0, 1, 60, 22, 18], [0, 2, 0, 0, 0, 75, 16, 9], [0, 3, 0, 0, 0, 58, 23, 19], [0, 4, 0, 0, 0, 36, 27, 37], [0, 5, 0, 0, 0, 74, 16, 10], [0, 6, 0, 0, 0, 56, 24, 20], [0, 7, 0, 0, 0, 72, 17, 11], [0, 9, 0, 0, 0, 46, 26, 28], [0, 10, 0, 0, 0, 36, 27, 37], [0, 11, 0, 0, 0, 40, 27, 33], [0, 12, 0, 0, 0, 69, 19, 12], [0, 13, 0, 0, 0, 61, 22, 17], [0, 14, 0, 0, 0, 61, 22, 17], [0, 15, 0, 0, 0, 61, 22, 17], [0, 16, 0, 0, 0, 38, 27, 35], [0, 17, 0, 0, 0, 61, 22, 17], [0, 18, 0, 0, 0, 64, 21, 15], [0, 19, 0, 0, 0, 64, 21, 15], [1, 0, 0, 0, 0, 28, 26, 46], [1, 3, 0, 0, 0, 39, 27, 34], [1, 4, 0, 0, 0, 19, 23, 58], [1, 5, 0, 0, 0, 53, 25, 22], [1, 6, 0, 0, 0, 37, 27, 36], [1, 7, 0, 0, 0, 51, 25, 24], [1, 8, 0, 0, 0, 42, 27, 31], [1, 9, 0, 0, 0, 28, 26, 46], [1, 11, 0, 0, 0, 22, 24, 54], [1, 12, 0, 0, 0, 48, 26, 26], [1, 13, 0, 0, 0, 42, 27, 31], [1, 14, 0, 0, 0, 41, 27, 32], [1, 15, 0, 0, 0, 41, 27, 32], [1, 16, 0, 0, 0, 21, 24, 55], [1, 18, 0, 0, 0, 46, 26, 28], [1, 19, 0, 0, 0, 46, 26, 28], [2, 0, 0, 0, 0, 20, 23, 57], [2, 1, 0, 0, 0, 38, 27, 35], [2, 3, 0, 0, 0, 32, 26, 42], [2, 4, 0, 0, 0, 13, 19, 68], [2, 5, 0, 0, 0, 46, 26, 28], [2, 6, 0, 0, 0, 28, 26, 46], [2, 7, 0, 0, 0, 43, 27, 30], [2, 8, 0, 0, 0, 34, 27, 39], [2, 9, 0, 0, 0, 20, 23, 57], [2, 11, 0, 0, 0, 15, 21, 64], [2, 12, 0, 0, 0, 40, 27, 33], [2, 13, 0, 0, 0, 34, 27, 39], [2, 14, 0, 0, 0, 34, 27, 39], [2, 15, 0, 0, 0, 34, 27, 39], [2, 16, 0, 0, 0, 14, 20, 66], [2, 17, 0, 0, 0, 35, 27, 38], [2, 19, 0, 0, 0, 37, 27, 36], [3, 0, 0, 0, 0, 35, 27, 38], [3, 1, 0, 0, 0, 53, 25, 22], [3, 2, 0, 0, 0, 61, 22, 17], [3, 4, 0, 0, 0, 25, 25, 50], [3, 6, 0, 0, 0, 45, 27, 28], [3, 7, 0, 0, 0, 58, 23, 19], [3, 8, 0, 0, 0, 48, 26, 26], [3, 9, 0, 0, 0, 35, 27, 38], [3, 10, 0, 0, 0, 25, 25, 50], [3, 11, 0, 0, 0, 28, 26, 46], [3, 12, 0, 0, 0, 56, 24, 20], [3, 13, 0, 0, 0, 49, 26, 25], [3, 14, 0, 0, 0, 48, 26, 26], [3, 15, 0, 0, 0, 48, 26, 26], [3, 16, 0, 0, 0, 27, 26, 47], [3, 17, 0, 0, 0, 49, 26, 25], [3, 19, 0, 0, 0, 52, 25, 23], [4, 1, 0, 0, 0, 77, 15, 8], [4, 2, 0, 0, 0, 84, 11, 5], [4, 5, 0, 0, 0, 84, 11, 5], [4, 7, 0, 0, 0, 82, 12, 6], [4, 8, 0, 0, 0, 73, 17, 10], [4, 9, 0, 0, 0, 57, 23, 20], [4, 10, 0, 0, 0, 46, 26, 28], [4, 11, 0, 0, 0, 50, 25, 25], [4, 12, 0, 0, 0, 80, 13, 7], [4, 13, 0, 0, 0, 73, 17, 10], [4, 14, 0, 0, 0, 72, 17, 11], [4, 15, 0, 0, 0, 72, 17, 11], [4, 16, 0, 0, 0, 48, 26, 26], [4, 17, 0, 0, 0, 73, 17, 10], [4, 18, 0, 0, 0, 75, 16, 9], [4, 19, 0, 0, 0, 76, 15, 9], [5, 0, 0, 0, 0, 22, 24, 54], [5, 1, 0, 0, 0, 39, 27, 34], [5, 2, 0, 0, 0, 47, 26, 27], [5, 3, 0, 0, 0, 33, 27, 40], [5, 4, 0, 0, 0, 14, 20, 66], [5, 6, 0, 0, 0, 31, 26, 43], [5, 8, 0, 0, 0, 35, 27, 38], [5, 9, 0, 0, 0, 22, 24, 54], [5, 10, 0, 0, 0, 14, 20, 66], [5, 11, 0, 0, 0, 16, 22, 62], [5, 12, 0, 0, 0, 42, 27, 31], [5, 14, 0, 0, 0, 35, 27, 38], [5, 16, 0, 0, 0, 15, 21, 64], [5, 17, 0, 0, 0, 36, 27, 37], [5, 18, 0, 0, 0, 38, 27, 35], [5, 19, 0, 0, 0, 38, 27, 35], [6, 0, 0, 0, 0, 37, 27, 36], [6, 1, 0, 0, 0, 55, 24, 21], [6, 2, 0, 0, 0, 64, 21, 15], [6, 3, 0, 0, 0, 48, 26, 26], [6, 4, 0, 0, 0, 27, 26, 47], [6, 5, 0, 0, 0, 63, 21, 16], [6, 7, 0, 0, 0, 61, 22, 17], [6, 8, 0, 0, 0, 51, 25, 24], [6, 9, 0, 0, 0, 37, 27, 36], [6, 10, 0, 0, 0, 27, 25, 48], [6, 11, 0, 0, 0, 30, 26, 44], [6, 12, 0, 0, 0, 58, 23, 19], [6, 13, 0, 0, 0, 51, 25, 24], [6, 15, 0, 0, 0, 51, 25, 24], [6, 17, 0, 0, 0, 52, 25, 23], [6, 18, 0, 0, 0, 54, 24, 22], [6, 19, 0, 0, 0, 54, 24, 22], [7, 0, 0, 0, 0, 23, 24, 53], [7, 1, 0, 0, 0, 41, 27, 32], [7, 2, 0, 0, 0, 49, 26, 25], [7, 3, 0, 0, 0, 35, 27, 38], [7, 4, 0, 0, 0, 15, 21, 64], [7, 5, 0, 0, 0, 48, 26, 26], [7, 6, 0, 0, 0, 33, 27, 40], [7, 9, 0, 0, 0, 23, 24, 53], [7, 10, 0, 0, 0, 15, 21, 64], [7, 11, 0, 0, 0, 18, 22, 60], [7, 14, 0, 0, 0, 37, 27, 36], [7, 15, 0, 0, 0, 37, 27, 36], [7, 16, 0, 0, 0, 17, 22, 61], [7, 17, 0, 0, 0, 38, 27, 35], [7, 18, 0, 0, 0, 39, 27, 34], [7, 19, 0, 0, 0, 40, 27, 33], [8, 0, 0, 0, 0, 32, 26, 42], [8, 1, 0, 0, 0, 51, 25, 24], [8, 3, 0, 0, 0, 43, 27, 30], [8, 5, 0, 0, 0, 58, 23, 19], [8, 6, 0, 0, 0, 41, 27, 32], [8, 7, 0, 0, 0, 55, 24, 21], [8, 9, 0, 0, 0, 32, 26, 42], [8, 10, 0, 0, 0, 22, 24, 54], [8, 11, 0, 0, 0, 26, 25, 49], [8, 12, 0, 0, 0, 53, 25, 22], [8, 13, 0, 0, 0, 47, 26, 27], [8, 14, 0, 0, 0, 46, 26, 28], [8, 15, 0, 0, 0, 46, 26, 28], [8, 16, 0, 0, 0, 25, 25, 50], [8, 17, 0, 0, 0, 47, 26, 27], [8, 18, 0, 0, 0, 48, 26, 26], [8, 19, 0, 0, 0, 49, 26, 25], [9, 1, 0, 0, 0, 66, 20, 14], [9, 2, 0, 0, 0, 75, 16, 9], [9, 4, 0, 0, 0, 36, 27, 37], [9, 6, 0, 0, 0, 56, 24, 20], [9, 7, 0, 0, 0, 72, 17, 11], [9, 8, 0, 0, 0, 61, 22, 17], [9, 10, 0, 0, 0, 36, 27, 37], [9, 11, 0, 0, 0, 40, 27, 33], [9, 12, 0, 0, 0, 69, 19, 12], [9, 13, 0, 0, 0, 61, 22, 17], [9, 14, 0, 0, 0, 61, 22, 17], [9, 15, 0, 0, 0, 61, 22, 17], [9, 16, 0, 0, 0, 38, 27, 35], [9, 17, 0, 0, 0, 61, 22, 17], [9, 18, 0, 0, 0, 64, 21, 15], [9, 19, 0, 0, 0, 65, 20, 15], [10, 0, 0, 0, 0, 57, 23, 20], [10, 1, 0, 0, 0, 77, 15, 8], [10, 2, 0, 0, 0, 85, 10, 5], [10, 3, 0, 0, 0, 70, 18, 12], [10, 4, 0, 0, 0, 46, 26, 28], [10, 5, 0, 0, 0, 84, 11, 5], [10, 7, 0, 0, 0, 82, 12, 6], [10, 8, 0, 0, 0, 73, 17, 10], [10, 11, 0, 0, 0, 51, 25, 24], [10, 12, 0, 0, 0, 80, 13, 7], [10, 13, 0, 0, 0, 73, 17, 10], [10, 14, 0, 0, 0, 73, 17, 10], [10, 15, 0, 0, 0, 73, 17, 10], [10, 16, 0, 0, 0, 48, 26, 26], [10, 17, 0, 0, 0, 74, 16, 10], [10, 18, 0, 0, 0, 76, 15, 9], [10, 19, 0, 0, 0, 76, 15, 9], [11, 0, 0, 0, 0, 52, 25, 23], [11, 1, 0, 0, 0, 73, 17, 10], [11, 2, 0, 0, 0, 82, 12, 6], [11, 3, 0, 0, 0, 66, 20, 14], [11, 4, 0, 0, 0, 42, 27, 31], [11, 5, 0, 0, 0, 80, 13, 7], [11, 7, 0, 0, 0, 79, 14, 7], [11, 9, 0, 0, 0, 52, 25, 23], [11, 10, 0, 0, 0, 42, 27, 31], [11, 12, 0, 0, 0, 76, 15, 9], [11, 13, 0, 0, 0, 69, 19, 12], [11, 14, 0, 0, 0, 68, 19, 13], [11, 15, 0, 0, 0, 68, 19, 13], [11, 16, 0, 0, 0, 46, 26, 28], [11, 17, 0, 0, 0, 69, 19, 12], [11, 18, 0, 0, 0, 71, 18, 11], [12, 0, 0, 0, 0, 25, 25, 50], [12, 1, 0, 0, 0, 43, 27, 30], [12, 2, 0, 0, 0, 52, 25, 23], [12, 3, 0, 0, 0, 37, 27, 36], [12, 4, 0, 0, 0, 17, 22, 61], [12, 5, 0, 0, 0, 51, 25, 24], [12, 6, 0, 0, 0, 35, 27, 38], [12, 7, 0, 0, 0, 48, 26, 26], [12, 8, 0, 0, 0, 39, 27, 34], [12, 9, 0, 0, 0, 25, 25, 50], [12, 10, 0, 0, 0, 16, 22, 62], [12, 11, 0, 0, 0, 20, 23, 57], [12, 13, 0, 0, 0, 40, 27, 33], [12, 15, 0, 0, 0, 39, 27, 34], [12, 17, 0, 0, 0, 40, 27, 33], [12, 18, 0, 0, 0, 42, 27, 31], [13, 0, 0, 0, 0, 32, 26, 42], [13, 1, 0, 0, 0, 51, 25, 24], [13, 2, 0, 0, 0, 58, 23, 19], [13, 3, 0, 0, 0, 43, 27, 30], [13, 4, 0, 0, 0, 22, 24, 54], [13, 5, 0, 0, 0, 57, 23, 20], [13, 6, 0, 0, 0, 41, 27, 32], [13, 7, 0, 0, 0, 55, 24, 21], [13, 8, 0, 0, 0, 46, 26, 28], [13, 9, 0, 0, 0, 32, 26, 42], [13, 10, 0, 0, 0, 22, 24, 54], [13, 11, 0, 0, 0, 26, 25, 49], [13, 12, 0, 0, 0, 52, 25, 23], [13, 14, 0, 0, 0, 46, 26, 28], [13, 16, 0, 0, 0, 24, 25, 51], [13, 18, 0, 0, 0, 48, 26, 26], [14, 1, 0, 0, 0, 51, 25, 24], [14, 2, 0, 0, 0, 59, 23, 18], [14, 3, 0, 0, 0, 43, 27, 30], [14, 4, 0, 0, 0, 23, 24, 53], [14, 5, 0, 0, 0, 58, 23, 19], [14, 6, 0, 0, 0, 42, 27, 31], [14, 7, 0, 0, 0, 56, 24, 20], [14, 8, 0, 0, 0, 47, 26, 27], [14, 9, 0, 0, 0, 32, 27, 41], [14, 10, 0, 0, 0, 22, 24, 54], [14, 12, 0, 0, 0, 54, 24, 22], [14, 13, 0, 0, 0, 47, 26, 27], [14, 15, 0, 0, 0, 46, 26, 28], [14, 16, 0, 0, 0, 25, 25, 50], [14, 17, 0, 0, 0, 47, 26, 27], [14, 18, 0, 0, 0, 49, 26, 25], [14, 19, 0, 0, 0, 49, 26, 25], [15, 0, 0, 0, 0, 33, 27, 40], [15, 1, 0, 0, 0, 51, 25, 24], [15, 2, 0, 0, 0, 59, 23, 18], [15, 3, 0, 0, 0, 45, 27, 28], [15, 4, 0, 0, 0, 23, 24, 53], [15, 5, 0, 0, 0, 58, 23, 19], [15, 6, 0, 0, 0, 42, 27, 31], [15, 7, 0, 0, 0, 56, 24, 20], [15, 8, 0, 0, 0, 47, 26, 27], [15, 9, 0, 0, 0, 33, 27, 40], [15, 10, 0, 0, 0, 23, 24, 53], [15, 13, 0, 0, 0, 47, 26, 27], [15, 14, 0, 0, 0, 46, 26, 28], [15, 16, 0, 0, 0, 25, 25, 50], [15, 17, 0, 0, 0, 47, 26, 27], [15, 18, 0, 0, 0, 49, 26, 25], [15, 19, 0, 0, 0, 49, 26, 25], [16, 0, 0, 0, 0, 54, 24, 22], [16, 1, 0, 0, 0, 75, 16, 9], [16, 2, 0, 0, 0, 82, 12, 6], [16, 5, 0, 0, 0, 82, 12, 6], [16, 6, 0, 0, 0, 64, 21, 15], [16, 7, 0, 0, 0, 80, 13, 7], [16, 8, 0, 0, 0, 70, 18, 12], [16, 9, 0, 0, 0, 54, 24, 22], [16, 10, 0, 0, 0, 43, 27, 30], [16, 11, 0, 0, 0, 47, 26, 27], [16, 12, 0, 0, 0, 77, 15, 8], [16, 13, 0, 0, 0, 70, 18, 12], [16, 14, 0, 0, 0, 70, 18, 12], [16, 17, 0, 0, 0, 71, 18, 11], [16, 18, 0, 0, 0, 73, 17, 10], [16, 19, 0, 0, 0, 73, 17, 10], [17, 0, 0, 0, 0, 32, 26, 42], [17, 1, 0, 0, 0, 50, 25, 25], [17, 3, 0, 0, 0, 43, 27, 30], [17, 4, 0, 0, 0, 22, 24, 54], [17, 5, 0, 0, 0, 57, 23, 20], [17, 6, 0, 0, 0, 41, 27, 32], [17, 7, 0, 0, 0, 55, 24, 21], [17, 8, 0, 0, 0, 46, 26, 28], [17, 11, 0, 0, 0, 25, 25, 50], [17, 12, 0, 0, 0, 52, 25, 23], [17, 13, 0, 0, 0, 46, 26, 28], [17, 14, 0, 0, 0, 46, 26, 28], [17, 15, 0, 0, 0, 46, 26, 28], [17, 16, 0, 0, 0, 24, 25, 51], [17, 18, 0, 0, 0, 48, 26, 26], [17, 19, 0, 0, 0, 48, 26, 26], [18, 0, 0, 0, 0, 30, 26, 44], [18, 2, 0, 0, 0, 56, 24, 20], [18, 3, 0, 0, 0, 41, 27, 32], [18, 4, 0, 0, 0, 20, 23, 57], [18, 5, 0, 0, 0, 55, 24, 21], [18, 6, 0, 0, 0, 39, 27, 34], [18, 7, 0, 0, 0, 53, 25, 22], [18, 8, 0, 0, 0, 43, 27, 30], [18, 9, 0, 0, 0, 30, 26, 44], [18, 10, 0, 0, 0, 20, 23, 57], [18, 11, 0, 0, 0, 23, 25, 52], [18, 12, 0, 0, 0, 51, 25, 24], [18, 13, 0, 0, 0, 43, 27, 30], [18, 15, 0, 0, 0, 43, 27, 30], [18, 16, 0, 0, 0, 22, 24, 54], [18, 17, 0, 0, 0, 45, 27, 28], [19, 0, 0, 0, 0, 28, 26, 46], [19, 1, 0, 0, 0, 47, 26, 27], [19, 2, 0, 0, 0, 55, 24, 21], [19, 3, 0, 0, 0, 40, 27, 33], [19, 4, 0, 0, 0, 20, 23, 57], [19, 5, 0, 0, 0, 55, 24, 21], [19, 6, 0, 0, 0, 38, 27, 35], [19, 8, 0, 0, 0, 43, 27, 30], [19, 9, 0, 0, 0, 28, 26, 46], [19, 10, 0, 0, 0, 20, 23, 57], [19, 11, 0, 0, 0, 23, 24, 53], [19, 12, 0, 0, 0, 50, 25, 25], [19, 13, 0, 0, 0, 43, 27, 30], [19, 14, 0, 0, 0, 42, 27, 31], [19, 15, 0, 0, 0, 42, 27, 31], [19, 16, 0, 0, 0, 22, 24, 54], [19, 17, 0, 0, 0, 43, 27, 30], [19, 18, 0, 0, 0, 46, 26, 28]]