[[0, 16, 0, 2, 1, 18, 23, 59], [14, 9, 1, 1, 1, 41, 27, 32], [6, 17, 1, 1, 1, 55, 24, 21], [11, 3, 2, 1, 1, 28, 26, 46], [13, 1, 1, 0, 1, 55, 24, 21], [8, 10, 1, 0, 1, 52, 25, 23], [2, 15, 3, 1, 1, 68, 19, 13], [12, 5, 4, 0, 1, 61, 22, 17], [7, 4, 3, 2, 1, 58, 23, 19], [16, 14, 1, 0, 1, 70, 18, 12], [1, 8, 1, 0, 1, 35, 27, 38], [3, 13, 1, 2, 1, 41, 27, 32], [9, 6, 0, 0, 1, 40, 27, 33], [10, 0, 2, 2, 1, 64, 21, 15], [15, 11, 2, 1, 1, 61, 22, 17], [17, 12, 0, 1, 1, 27, 26, 47], [4, 2, 0, 1, 1, 20, 23, 57], [5, 7, 3, 0, 1, 37, 27, 36], [13, 11, 2, 0, 1, 70, 18, 12], [2, 1, 5, 0, 1, 76, 15, 9], [7, 16, 0, 5, 1, 36, 27, 37], [17, 5, 2, 3, 1, 40, 27, 33], [0, 15, 0, 2, 1, 26, 25, 49], [8, 3, 1, 0, 1, 52, 25, 23], [12, 9, 3, 0, 1, 66, 20, 14], [14, 4, 1, 1, 1, 46, 26, 28], [6, 10, 2, 1, 1, 55, 24, 21], [1, 14, 1, 1, 1, 48, 26, 26], [4, 6, 0, 2, 1, 35, 27, 38], [9, 17, 0, 3, 1, 49, 26, 25], [10, 7, 0, 0, 1, 39, 27, 34], [13, 2, 1, 1, 1, 30, 26, 44], [3, 0, 1, 0, 1, 64, 21, 15], [15, 12, 0, 1, 1, 30, 26, 44], [16, 5, 2, 1, 1, 61, 22, 17], [11, 8, 1, 2, 1, 27, 25, 48], [2, 11, 2, 1, 1, 87, 9, 4], [6, 16, 2, 3, 1, 34, 27, 39], [8, 13, 1, 0, 1, 43, 27, 30], [12, 4, 3, 0, 1, 77, 15, 8], [17, 10, 2, 2, 1, 51, 25, 24], [5, 9, 0, 2, 1, 57, 23, 20], [7, 3, 1, 0, 1, 52, 25, 23], [14, 15, 2, 0, 1, 38, 27, 35], [0, 1, 2, 1, 1, 31, 26, 43], [10, 14, 1, 0, 1, 46, 26, 28], [3, 2, 2, 1, 1, 19, 23, 58], [8, 0, 2, 1, 1, 74, 16, 10], [16, 17, 2, 0, 1, 72, 17, 11], [1, 5, 2, 1, 1, 38, 27, 35], [13, 12, 1, 2, 1, 31, 26, 43], [15, 7, 2, 1, 1, 41, 27, 32], [4, 9, 3, 0, 1, 40, 27, 33], [11, 6, 2, 1, 1, 23, 24, 53], [0, 2, 0, 0, 0, 11, 18, 71], [0, 3, 0, 0, 0, 28, 26, 46], [0, 4, 0, 0, 0, 32, 26, 42], [0, 5, 0, 0, 0, 28, 26, 46], [0, 6, 0, 0, 0, 23, 25, 52], [0, 7, 0, 0, 0, 25, 25, 50], [0, 8, 0, 0, 0, 20, 23, 57], [0, 9, 0, 0, 0, 32, 26, 42], [0, 10, 0, 0, 0, 30, 26, 44], [0, 11, 0, 0, 0, 41, 27, 32], [0, 12, 0, 0, 0, 10, 17, 73], [0, 13, 0, 0, 0, 23, 24, 53], [0, 14, 0, 0, 0, 32, 26, 42], [0, 17, 0, 0, 0, 28, 26, 46], [1, 0, 0, 0, 0, 60, 22, 18], [1, 2, 0, 0, 0, 20, 23, 57], [1, 3, 0, 0, 0, 41, 27, 32], [1, 4, 0, 0, 0, 46, 26, 28], [1, 6, 0, 0, 0, 36, 27, 37], [1, 7, 0, 0, 0, 38, 27, 35], [1, 9, 0, 0, 0, 46, 26, 28], [1, 10, 0, 0, 0, 43, 27, 30], [1, 11, 0, 0, 0, 55, 24, 21], [1, 12, 0, 0, 0, 19, 23, 58], [1, 13, 0, 0, 0, 36, 27, 37], [1, 15, 0, 0, 0, 39, 27, 34], [1, 16, 0, 0, 0, 19, 23, 58], [1, 17, 0, 0, 0, 42, 27, 31], [2, 0, 0, 0, 0, 87, 9, 4], [2, 3, 0, 0, 0, 70, 18, 12], [2, 4, 0, 0, 0, 74, 16, 10], [2, 5, 0, 0, 0, 70, 18, 12], [2, 6, 0, 0, 0, 64, 21, 15], [2, 7, 0, 0, 0, 66, 20, 14], [2, 8, 0, 0, 0, 60, 22, 18], [2, 9, 0, 0, 0, 74, 16, 10], [2, 10, 0, 0, 0, 72, 17, 11], [2, 12, 0, 0, 0, 43, 27, 30], [2, 13, 0, 0, 0, 63, 21, 16], [2, 14, 0, 0, 0, 74, 16, 10], [2, 16, 0, 0, 0, 45, 27, 28], [2, 17, 0, 0, 0, 71, 18, 11], [3, 1, 0, 0, 0, 51, 25, 24], [3, 4, 0, 0, 0, 50, 25, 25], [3, 5, 0, 0, 0, 47, 26, 27], [3, 6, 0, 0, 0, 41, 27, 32], [3, 7, 0, 0, 0, 43, 27, 30], [3, 8, 0, 0, 0, 37, 27, 36], [3, 9, 0, 0, 0, 50, 25, 25], [3, 10, 0, 0, 0, 48, 26, 26], [3, 11, 0, 0, 0, 60, 22, 18], [3, 12, 0, 0, 0, 23, 24, 53], [3, 14, 0, 0, 0, 50, 25, 25], [3, 15, 0, 0, 0, 45, 27, 28], [3, 16, 0, 0, 0, 23, 24, 53], [3, 17, 0, 0, 0, 47, 26, 27], [4, 0, 0, 0, 0, 61, 22, 17], [4, 1, 0, 0, 0, 47, 26, 27], [4, 3, 0, 0, 0, 42, 27, 31], [4, 5, 0, 0, 0, 42, 27, 31], [4, 7, 0, 0, 0, 39, 27, 34], [4, 8, 0, 0, 0, 34, 27, 39], [4, 10, 0, 0, 0, 43, 27, 30], [4, 11, 0, 0, 0, 55, 24, 21], [4, 12, 0, 0, 0, 19, 23, 58], [4, 13, 0, 0, 0, 36, 27, 37], [4, 14, 0, 0, 0, 46, 26, 28], [4, 15, 0, 0, 0, 40, 27, 33], [4, 16, 0, 0, 0, 19, 23, 58], [4, 17, 0, 0, 0, 43, 27, 30], [5, 0, 0, 0, 0, 65, 20, 15], [5, 1, 0, 0, 0, 51, 25, 24], [5, 2, 0, 0, 0, 24, 25, 51], [5, 3, 0, 0, 0, 46, 26, 28], [5, 4, 0, 0, 0, 49, 26, 25], [5, 6, 0, 0, 0, 40, 27, 33], [5, 8, 0, 0, 0, 37, 27, 36], [5, 10, 0, 0, 0, 47, 26, 27], [5, 11, 0, 0, 0, 59, 23, 18], [5, 12, 0, 0, 0, 22, 24, 54], [5, 13, 0, 0, 0, 39, 27, 34], [5, 14, 0, 0, 0, 49, 26, 25], [5, 15, 0, 0, 0, 43, 27, 30], [5, 16, 0, 0, 0, 22, 24, 54], [5, 17, 0, 0, 0, 47, 26, 27], [6, 0, 0, 0, 0, 72, 17, 11], [6, 1, 0, 0, 0, 56, 24, 20], [6, 2, 0, 0, 0, 30, 26, 44], [6, 3, 0, 0, 0, 52, 25, 23], [6, 4, 0, 0, 0, 55, 24, 21], [6, 5, 0, 0, 0, 52, 25, 23], [6, 7, 0, 0, 0, 48, 26, 26], [6, 8, 0, 0, 0, 42, 27, 31], [6, 9, 0, 0, 0, 55, 24, 21], [6, 11, 0, 0, 0, 66, 20, 14], [6, 12, 0, 0, 0, 28, 26, 46], [6, 13, 0, 0, 0, 46, 26, 28], [6, 14, 0, 0, 0, 55, 24, 21], [6, 15, 0, 0, 0, 49, 26, 25], [7, 0, 0, 0, 0, 69, 19, 12], [7, 1, 0, 0, 0, 54, 24, 22], [7, 2, 0, 0, 0, 28, 26, 46], [7, 5, 0, 0, 0, 50, 25, 25], [7, 6, 0, 0, 0, 43, 27, 30], [7, 8, 0, 0, 0, 40, 27, 33], [7, 9, 0, 0, 0, 53, 25, 22], [7, 10, 0, 0, 0, 51, 25, 24], [7, 11, 0, 0, 0, 63, 21, 16], [7, 12, 0, 0, 0, 26, 25, 49], [7, 13, 0, 0, 0, 43, 27, 30], [7, 14, 0, 0, 0, 53, 25, 22], [7, 15, 0, 0, 0, 47, 26, 27], [7, 17, 0, 0, 0, 51, 25, 24], [8, 1, 0, 0, 0, 60, 22, 18], [8, 2, 0, 0, 0, 33, 27, 40], [8, 4, 0, 0, 0, 59, 23, 18], [8, 5, 0, 0, 0, 55, 24, 21], [8, 6, 0, 0, 0, 49, 26, 25], [8, 7, 0, 0, 0, 52, 25, 23], [8, 9, 0, 0, 0, 59, 23, 18], [8, 11, 0, 0, 0, 70, 18, 12], [8, 12, 0, 0, 0, 31, 26, 43], [8, 14, 0, 0, 0, 59, 23, 18], [8, 15, 0, 0, 0, 53, 25, 22], [8, 16, 0, 0, 0, 31, 26, 43], [8, 17, 0, 0, 0, 56, 24, 20], [9, 0, 0, 0, 0, 61, 22, 17], [9, 1, 0, 0, 0, 47, 26, 27], [9, 2, 0, 0, 0, 21, 24, 55], [9, 3, 0, 0, 0, 42, 27, 31], [9, 4, 0, 0, 0, 46, 26, 28], [9, 5, 0, 0, 0, 42, 27, 31], [9, 7, 0, 0, 0, 39, 27, 34], [9, 8, 0, 0, 0, 34, 27, 39], [9, 10, 0, 0, 0, 43, 27, 30], [9, 11, 0, 0, 0, 55, 24, 21], [9, 12, 0, 0, 0, 19, 23, 58], [9, 13, 0, 0, 0, 36, 27, 37], [9, 14, 0, 0, 0, 46, 26, 28], [9, 15, 0, 0, 0, 40, 27, 33], [9, 16, 0, 0, 0, 19, 23, 58], [10, 1, 0, 0, 0, 49, 26, 25], [10, 2, 0, 0, 0, 23, 25, 52], [10, 3, 0, 0, 0, 46, 26, 28], [10, 4, 0, 0, 0, 48, 26, 26], [10, 5, 0, 0, 0, 46, 26, 28], [10, 6, 0, 0, 0, 39, 27, 34], [10, 8, 0, 0, 0, 36, 27, 37], [10, 9, 0, 0, 0, 48, 26, 26], [10, 11, 0, 0, 0, 58, 23, 19], [10, 12, 0, 0, 0, 21, 24, 55], [10, 13, 0, 0, 0, 38, 27, 35], [10, 15, 0, 0, 0, 42, 27, 31], [10, 16, 0, 0, 0, 21, 24, 55], [10, 17, 0, 0, 0, 46, 26, 28], [11, 0, 0, 0, 0, 51, 25, 24], [11, 1, 0, 0, 0, 38, 27, 35], [11, 2, 0, 0, 0, 14, 20, 66], [11, 4, 0, 0, 0, 37, 27, 36], [11, 5, 0, 0, 0, 34, 27, 39], [11, 7, 0, 0, 0, 30, 26, 44], [11, 9, 0, 0, 0, 37, 27, 36], [11, 10, 0, 0, 0, 35, 27, 38], [11, 12, 0, 0, 0, 13, 19, 68], [11, 13, 0, 0, 0, 27, 26, 47], [11, 14, 0, 0, 0, 37, 27, 36], [11, 15, 0, 0, 0, 31, 26, 43], [11, 16, 0, 0, 0, 13, 19, 68], [11, 17, 0, 0, 0, 34, 27, 39], [12, 0, 0, 0, 0, 89, 8, 3], [12, 1, 0, 0, 0, 77, 15, 8], [12, 2, 0, 0, 0, 48, 26, 26], [12, 3, 0, 0, 0, 73, 17, 10], [12, 6, 0, 0, 0, 66, 20, 14], [12, 7, 0, 0, 0, 69, 19, 12], [12, 8, 0, 0, 0, 63, 21, 16], [12, 10, 0, 0, 0, 74, 16, 10], [12, 11, 0, 0, 0, 85, 10, 5], [12, 13, 0, 0, 0, 66, 20, 14], [12, 14, 0, 0, 0, 76, 15, 9], [12, 15, 0, 0, 0, 70, 18, 12], [12, 16, 0, 0, 0, 47, 26, 27], [12, 17, 0, 0, 0, 73, 17, 10], [13, 0, 0, 0, 0, 73, 17, 10], [13, 3, 0, 0, 0, 52, 25, 23], [13, 4, 0, 0, 0, 56, 24, 20], [13, 5, 0, 0, 0, 53, 25, 22], [13, 6, 0, 0, 0, 47, 26, 27], [13, 7, 0, 0, 0, 49, 26, 25], [13, 8, 0, 0, 0, 43, 27, 30], [13, 9, 0, 0, 0, 56, 24, 20], [13, 10, 0, 0, 0, 54, 24, 22], [13, 14, 0, 0, 0, 56, 24, 20], [13, 15, 0, 0, 0, 51, 25, 24], [13, 16, 0, 0, 0, 28, 26, 46], [13, 17, 0, 0, 0, 53, 25, 22], [14, 0, 0, 0, 0, 61, 22, 17], [14, 1, 0, 0, 0, 47, 26, 27], [14, 2, 0, 0, 0, 21, 24, 55], [14, 3, 0, 0, 0, 42, 27, 31], [14, 5, 0, 0, 0, 43, 27, 30], [14, 6, 0, 0, 0, 37, 27, 36], [14, 7, 0, 0, 0, 39, 27, 34], [14, 8, 0, 0, 0, 34, 27, 39], [14, 10, 0, 0, 0, 43, 27, 30], [14, 11, 0, 0, 0, 56, 24, 20], [14, 12, 0, 0, 0, 19, 23, 58], [14, 13, 0, 0, 0, 36, 27, 37], [14, 16, 0, 0, 0, 20, 23, 57], [14, 17, 0, 0, 0, 43, 27, 30], [15, 0, 0, 0, 0, 68, 19, 13], [15, 1, 0, 0, 0, 53, 25, 22], [15, 2, 0, 0, 0, 27, 25, 48], [15, 3, 0, 0, 0, 48, 26, 26], [15, 4, 0, 0, 0, 52, 25, 23], [15, 5, 0, 0, 0, 48, 26, 26], [15, 6, 0, 0, 0, 42, 27, 31], [15, 8, 0, 0, 0, 39, 27, 34], [15, 9, 0, 0, 0, 52, 25, 23], [15, 10, 0, 0, 0, 49, 26, 25], [15, 13, 0, 0, 0, 42, 27, 31], [15, 14, 0, 0, 0, 52, 25, 23], [15, 16, 0, 0, 0, 25, 25, 50], [15, 17, 0, 0, 0, 49, 26, 25], [16, 0, 0, 0, 0, 89, 8, 3], [16, 1, 0, 0, 0, 77, 15, 8], [16, 2, 0, 0, 0, 48, 26, 26], [16, 3, 0, 0, 0, 72, 17, 11], [16, 4, 0, 0, 0, 76, 15, 9], [16, 6, 0, 0, 0, 66, 20, 14], [16, 7, 0, 0, 0, 68, 19, 13], [16, 8, 0, 0, 0, 63, 21, 16], [16, 9, 0, 0, 0, 76, 15, 9], [16, 10, 0, 0, 0, 74, 16, 10], [16, 11, 0, 0, 0, 85, 10, 5], [16, 12, 0, 0, 0, 46, 26, 28], [16, 13, 0, 0, 0, 65, 20, 15], [16, 15, 0, 0, 0, 70, 18, 12], [17, 0, 0, 0, 0, 64, 21, 15], [17, 1, 0, 0, 0, 50, 25, 25], [17, 2, 0, 0, 0, 24, 25, 51], [17, 3, 0, 0, 0, 46, 26, 28], [17, 4, 0, 0, 0, 49, 26, 25], [17, 6, 0, 0, 0, 40, 27, 33], [17, 7, 0, 0, 0, 42, 27, 31], [17, 8, 0, 0, 0, 37, 27, 36], [17, 9, 0, 0, 0, 49, 26, 25], [17, 11, 0, 0, 0, 58, 23, 19], [17, 13, 0, 0, 0, 39, 27, 34], [17, 14, 0, 0, 0, 49, 26, 25], [17, 15, 0, 0, 0, 43, 27, 30], [17, 16, 0, 0, 0, 22, 24, 54]]