[[0.0, 0.0, 0.0, 0.1, 0.1, 0.2, 0.7, 1.4, 1.5, 2.5, 4.0, 5.7, 7.8, 10.8, 15.6, 21.2, 20.9, 7.5], [0.0, 0.0, 0.1, 1.7, 7.3, 11.4, 12.9, 12.1, 10.5, 10.6, 9.1, 7.4, 6.8, 4.8, 3.4, 1.4, 0.5, 0.0], [0.0, 0.0, 0.0, 0.5, 2.2, 4.5, 6.8, 8.4, 9.8, 9.6, 9.9, 10.3, 10.7, 9.1, 8.9, 6.1, 2.7, 0.5], [35.8, 43.7, 19.1, 1.4, 0.0, 0.0, 0.0, 0.0, 0.0, 0.0, 0.0, 0.0, 0.0, 0.0, 0.0, 0.0, 0.0, 0.0], [0.0, 0.0, 0.0, 0.0, 0.0, 0.1, 0.4, 0.5, 0.7, 1.2, 2.5, 3.3, 4.5, 7.6, 10.6, 19.4, 32.4, 16.8], [0.0, 0.0, 0.0, 1.5, 6.9, 10.0, 11.9, 10.7, 11.9, 10.1, 8.9, 8.8, 6.5, 5.6, 4.0, 2.3, 0.8, 0.1], [0.0, 0.0, 0.2, 7.2, 23.4, 20.7, 14.5, 10.5, 7.6, 5.7, 4.2, 2.7, 1.7, 1.0, 0.3, 0.2, 0.0, 0.1], [0.0, 0.0, 0.0, 0.3, 2.1, 4.0, 6.7, 7.5, 9.3, 9.8, 10.4, 10.5, 10.3, 10.6, 9.0, 6.3, 2.8, 0.4], [0.0, 0.0, 0.0, 0.1, 1.0, 2.0, 3.6, 5.3, 7.6, 8.5, 9.9, 11.2, 12.0, 11.2, 12.4, 9.3, 4.9, 1.0], [0.0, 0.0, 0.0, 0.0, 0.3, 0.8, 1.7, 2.6, 3.6, 5.1, 5.9, 8.3, 9.2, 13.3, 15.3, 17.2, 13.2, 3.5], [0.0, 0.0, 0.5, 10.7, 29.3, 19.2, 13.1, 9.2, 5.9, 4.5, 2.6, 2.4, 1.6, 0.6, 0.3, 0.1, 0.0, 0.0], [7.7, 23.8, 59.4, 8.3, 0.6, 0.1, 0.1, 0.0, 0.0, 0.0, 0.0, 0.0, 0.0, 0.0, 0.0, 0.0, 0.0, 0.0], [0.0, 0.0, 0.1, 0.9, 6.1, 10.3, 11.7, 11.8, 11.3, 11.1, 9.2, 8.1, 6.8, 5.8, 3.7, 2.4, 0.7, 0.0], [0.0, 0.0, 0.0, 0.5, 3.8, 7.4, 8.5, 11.3, 11.0, 11.1, 11.8, 10.2, 8.9, 7.4, 5.0, 2.3, 0.7, 0.1], [0.2, 1.1, 9.2, 65.6, 14.9, 5.3, 1.7, 1.0, 0.5, 0.3, 0.0, 0.1, 0.1, 0.0, 0.0, 0.0, 0.0, 0.0], [56.3, 31.4, 11.4, 0.9, 0.0, 0.0, 0.0, 0.0, 0.0, 0.0, 0.0, 0.0, 0.0, 0.0, 0.0, 0.0, 0.0, 0.0], [0.0, 0.0, 0.0, 0.0, 0.0, 0.0, 0.0, 0.0, 0.0, 0.2, 0.3, 0.4, 0.9, 1.3, 2.6, 6.4, 18.2, 69.7], [0.0, 0.0, 0.0, 0.3, 2.0, 4.0, 5.7, 7.7, 8.8, 9.7, 11.3, 10.6, 12.2, 10.9, 8.9, 5.4, 2.2, 0.3]]