[[9, 3, 3, 0, 1, 69, 19, 12], [19, 12, 1, 3, 1, 11, 18, 71], [0, 13, 0, 1, 1, 39, 27, 34], [2, 17, 1, 1, 1, 38, 27, 35], [5, 11, 0, 3, 1, 42, 27, 31], [8, 6, 3, 0, 1, 49, 26, 25], [10, 16, 0, 0, 1, 70, 18, 12], [14, 1, 2, 1, 1, 63, 21, 16], [15, 7, 0, 0, 1, 56, 24, 20], [18, 4, 1, 2, 1, 51, 25, 24], [1, 2, 0, 1, 1, 34, 27, 39], [7, 9, 2, 4, 1, 18, 23, 59], [13, 8, 1, 3, 1, 59, 23, 18], [4, 10, 1, 2, 1, 37, 27, 36], [5, 19, 0, 0, 1, 60, 22, 18], [6, 14, 1, 2, 1, 47, 26, 27], [11, 3, 2, 1, 1, 59, 23, 18], [12, 0, 3, 1, 1, 60, 22, 18], [16, 18, 3, 2, 1, 36, 27, 37], [17, 15, 3, 0, 1, 49, 26, 25], [9, 4, 3, 0, 1, 78, 14, 8], [0, 15, 2, 1, 1, 58, 23, 19], [1, 17, 0, 1, 1, 23, 24, 53], [2, 12, 0, 3, 1, 19, 23, 58], [3, 5, 1, 0, 1, 46, 26, 28], [8, 16, 2, 0, 1, 75, 16, 9], [10, 11, 4, 1, 1, 43, 27, 30], [18, 7, 1, 0, 1, 48, 26, 26], [19, 6, 0, 5, 1, 31, 26, 43], [5, 8, 0, 2, 1, 26, 25, 49], [6, 2, 2, 1, 1, 53, 25, 22], [13, 19, 3, 0, 1, 84, 11, 5], [4, 0, 1, 1, 1, 28, 26, 46], [7, 10, 2, 3, 1, 28, 26, 46], [11, 18, 2, 1, 1, 58, 23, 19], [12, 1, 6, 0, 1, 91, 7, 2], [15, 9, 1, 3, 1, 21, 24, 55], [16, 3, 0, 2, 1, 36, 27, 37], [17, 14, 2, 2, 1, 49, 26, 25], [2, 8, 1, 1, 1, 25, 25, 50], [0, 5, 5, 1, 1, 65, 20, 15], [1, 13, 0, 4, 1, 12, 19, 69], [3, 15, 0, 1, 1, 49, 26, 25], [7, 4, 1, 1, 1, 41, 27, 32], [9, 6, 1, 0, 1, 69, 19, 12], [10, 12, 1, 4, 1, 30, 26, 44], [11, 16, 2, 0, 1, 71, 18, 11], [18, 17, 2, 3, 1, 34, 27, 39], [19, 14, 0, 0, 1, 24, 25, 51], [0, 1, 0, 0, 0, 80, 13, 7], [0, 2, 0, 0, 0, 63, 21, 16], [0, 3, 0, 0, 0, 61, 22, 17], [0, 4, 0, 0, 0, 65, 20, 15], [0, 6, 0, 0, 0, 55, 24, 21], [0, 7, 0, 0, 0, 71, 18, 11], [0, 8, 0, 0, 0, 42, 27, 31], [0, 9, 0, 0, 0, 32, 27, 41], [0, 10, 0, 0, 0, 49, 26, 25], [0, 11, 0, 0, 0, 50, 25, 25], [0, 12, 0, 0, 0, 28, 26, 46], [0, 14, 0, 0, 0, 55, 24, 21], [0, 16, 0, 0, 0, 77, 15, 8], [0, 17, 0, 0, 0, 50, 25, 25], [0, 18, 0, 0, 0, 66, 20, 14], [0, 19, 0, 0, 0, 78, 14, 8], [1, 0, 0, 0, 0, 16, 21, 63], [1, 3, 0, 0, 0, 28, 26, 46], [1, 4, 0, 0, 0, 32, 26, 42], [1, 5, 0, 0, 0, 35, 27, 38], [1, 6, 0, 0, 0, 23, 24, 53], [1, 7, 0, 0, 0, 37, 27, 36], [1, 8, 0, 0, 0, 13, 20, 67], [1, 9, 0, 0, 0, 8, 16, 76], [1, 10, 0, 0, 0, 19, 23, 58], [1, 11, 0, 0, 0, 19, 23, 58], [1, 12, 0, 0, 0, 7, 14, 79], [1, 14, 0, 0, 0, 23, 24, 53], [1, 15, 0, 0, 0, 27, 26, 47], [1, 16, 0, 0, 0, 42, 27, 31], [1, 18, 0, 0, 0, 34, 27, 39], [1, 19, 0, 0, 0, 43, 27, 30], [2, 0, 0, 0, 0, 31, 26, 43], [2, 1, 0, 0, 0, 63, 21, 16], [2, 3, 0, 0, 0, 46, 26, 28], [2, 4, 0, 0, 0, 48, 26, 26], [2, 5, 0, 0, 0, 51, 25, 24], [2, 6, 0, 0, 0, 39, 27, 34], [2, 7, 0, 0, 0, 53, 25, 22], [2, 9, 0, 0, 0, 18, 22, 60], [2, 10, 0, 0, 0, 34, 27, 39], [2, 11, 0, 0, 0, 34, 27, 39], [2, 13, 0, 0, 0, 23, 24, 53], [2, 14, 0, 0, 0, 39, 27, 34], [2, 15, 0, 0, 0, 43, 27, 30], [2, 16, 0, 0, 0, 58, 23, 19], [2, 18, 0, 0, 0, 49, 26, 25], [2, 19, 0, 0, 0, 60, 22, 18], [3, 0, 0, 0, 0, 32, 26, 42], [3, 1, 0, 0, 0, 64, 21, 15], [3, 2, 0, 0, 0, 47, 26, 27], [3, 4, 0, 0, 0, 49, 26, 25], [3, 6, 0, 0, 0, 40, 27, 33], [3, 7, 0, 0, 0, 54, 24, 22], [3, 8, 0, 0, 0, 27, 26, 47], [3, 9, 0, 0, 0, 18, 23, 59], [3, 10, 0, 0, 0, 35, 27, 38], [3, 11, 0, 0, 0, 35, 27, 38], [3, 12, 0, 0, 0, 15, 21, 64], [3, 13, 0, 0, 0, 24, 25, 51], [3, 14, 0, 0, 0, 40, 27, 33], [3, 16, 0, 0, 0, 60, 22, 18], [3, 17, 0, 0, 0, 35, 27, 38], [3, 18, 0, 0, 0, 51, 25, 24], [3, 19, 0, 0, 0, 61, 22, 17], [4, 1, 0, 0, 0, 61, 22, 17], [4, 2, 0, 0, 0, 46, 26, 28], [4, 3, 0, 0, 0, 43, 27, 30], [4, 5, 0, 0, 0, 48, 26, 26], [4, 6, 0, 0, 0, 37, 27, 36], [4, 7, 0, 0, 0, 51, 25, 24], [4, 8, 0, 0, 0, 25, 25, 50], [4, 9, 0, 0, 0, 16, 22, 62], [4, 11, 0, 0, 0, 32, 27, 41], [4, 12, 0, 0, 0, 14, 20, 66], [4, 13, 0, 0, 0, 21, 24, 55], [4, 14, 0, 0, 0, 37, 27, 36], [4, 15, 0, 0, 0, 41, 27, 32], [4, 16, 0, 0, 0, 57, 23, 20], [4, 17, 0, 0, 0, 33, 27, 40], [4, 18, 0, 0, 0, 48, 26, 26], [4, 19, 0, 0, 0, 58, 23, 19], [5, 0, 0, 0, 0, 26, 25, 49], [5, 1, 0, 0, 0, 58, 23, 19], [5, 2, 0, 0, 0, 42, 27, 31], [5, 3, 0, 0, 0, 41, 27, 32], [5, 4, 0, 0, 0, 43, 27, 30], [5, 6, 0, 0, 0, 35, 27, 38], [5, 7, 0, 0, 0, 48, 26, 26], [5, 9, 0, 0, 0, 15, 21, 64], [5, 10, 0, 0, 0, 30, 26, 44], [5, 12, 0, 0, 0, 12, 19, 69], [5, 13, 0, 0, 0, 19, 23, 58], [5, 14, 0, 0, 0, 35, 27, 38], [5, 15, 0, 0, 0, 39, 27, 34], [5, 16, 0, 0, 0, 55, 24, 21], [5, 17, 0, 0, 0, 30, 26, 44], [5, 18, 0, 0, 0, 46, 26, 28], [6, 0, 0, 0, 0, 38, 27, 35], [6, 1, 0, 0, 0, 72, 17, 11], [6, 3, 0, 0, 0, 53, 25, 22], [6, 4, 0, 0, 0, 55, 24, 21], [6, 5, 0, 0, 0, 58, 23, 19], [6, 7, 0, 0, 0, 61, 22, 17], [6, 8, 0, 0, 0, 34, 27, 39], [6, 9, 0, 0, 0, 24, 25, 51], [6, 10, 0, 0, 0, 41, 27, 32], [6, 11, 0, 0, 0, 41, 27, 32], [6, 12, 0, 0, 0, 21, 24, 55], [6, 13, 0, 0, 0, 30, 26, 44], [6, 15, 0, 0, 0, 51, 25, 24], [6, 16, 0, 0, 0, 68, 19, 13], [6, 17, 0, 0, 0, 41, 27, 32], [6, 18, 0, 0, 0, 58, 23, 19], [6, 19, 0, 0, 0, 69, 19, 12], [7, 0, 0, 0, 0, 24, 25, 51], [7, 1, 0, 0, 0, 56, 24, 20], [7, 2, 0, 0, 0, 39, 27, 34], [7, 3, 0, 0, 0, 38, 27, 35], [7, 5, 0, 0, 0, 43, 27, 30], [7, 6, 0, 0, 0, 32, 26, 42], [7, 8, 0, 0, 0, 20, 23, 57], [7, 11, 0, 0, 0, 27, 26, 47], [7, 12, 0, 0, 0, 11, 18, 71], [7, 13, 0, 0, 0, 17, 22, 61], [7, 14, 0, 0, 0, 32, 26, 42], [7, 15, 0, 0, 0, 36, 27, 37], [7, 16, 0, 0, 0, 52, 25, 23], [7, 17, 0, 0, 0, 28, 26, 46], [7, 18, 0, 0, 0, 42, 27, 31], [7, 19, 0, 0, 0, 53, 25, 22], [8, 0, 0, 0, 0, 51, 25, 24], [8, 1, 0, 0, 0, 84, 11, 5], [8, 2, 0, 0, 0, 68, 19, 13], [8, 3, 0, 0, 0, 66, 20, 14], [8, 4, 0, 0, 0, 70, 18, 12], [8, 5, 0, 0, 0, 73, 17, 10], [8, 7, 0, 0, 0, 75, 16, 9], [8, 9, 0, 0, 0, 36, 27, 37], [8, 10, 0, 0, 0, 54, 24, 22], [8, 11, 0, 0, 0, 54, 24, 22], [8, 12, 0, 0, 0, 33, 27, 40], [8, 13, 0, 0, 0, 42, 27, 31], [8, 14, 0, 0, 0, 59, 23, 18], [8, 15, 0, 0, 0, 64, 21, 15], [8, 17, 0, 0, 0, 55, 24, 21], [8, 18, 0, 0, 0, 72, 17, 11], [8, 19, 0, 0, 0, 82, 12, 6], [9, 0, 0, 0, 0, 61, 22, 17], [9, 1, 0, 0, 0, 90, 7, 3], [9, 2, 0, 0, 0, 78, 14, 8], [9, 5, 0, 0, 0, 82, 12, 6], [9, 7, 0, 0, 0, 84, 11, 5], [9, 8, 0, 0, 0, 56, 24, 20], [9, 10, 0, 0, 0, 65, 20, 15], [9, 11, 0, 0, 0, 65, 20, 15], [9, 12, 0, 0, 0, 42, 27, 31], [9, 13, 0, 0, 0, 52, 25, 23], [9, 14, 0, 0, 0, 70, 18, 12], [9, 15, 0, 0, 0, 75, 16, 9], [9, 16, 0, 0, 0, 89, 8, 3], [9, 17, 0, 0, 0, 65, 20, 15], [9, 18, 0, 0, 0, 82, 12, 6], [9, 19, 0, 0, 0, 89, 8, 3], [10, 0, 0, 0, 0, 42, 27, 31], [10, 1, 0, 0, 0, 77, 15, 8], [10, 2, 0, 0, 0, 59, 23, 18], [10, 3, 0, 0, 0, 58, 23, 19], [10, 4, 0, 0, 0, 61, 22, 17], [10, 5, 0, 0, 0, 64, 21, 15], [10, 6, 0, 0, 0, 51, 25, 24], [10, 7, 0, 0, 0, 66, 20, 14], [10, 8, 0, 0, 0, 39, 27, 34], [10, 9, 0, 0, 0, 28, 26, 46], [10, 13, 0, 0, 0, 35, 27, 38], [10, 14, 0, 0, 0, 51, 25, 24], [10, 15, 0, 0, 0, 55, 24, 21], [10, 17, 0, 0, 0, 47, 26, 27], [10, 18, 0, 0, 0, 63, 21, 16], [10, 19, 0, 0, 0, 75, 16, 9], [11, 0, 0, 0, 0, 42, 27, 31], [11, 1, 0, 0, 0, 77, 15, 8], [11, 2, 0, 0, 0, 59, 23, 18], [11, 4, 0, 0, 0, 61, 22, 17], [11, 5, 0, 0, 0, 64, 21, 15], [11, 6, 0, 0, 0, 51, 25, 24], [11, 7, 0, 0, 0, 66, 20, 14], [11, 8, 0, 0, 0, 38, 27, 35], [11, 9, 0, 0, 0, 28, 26, 46], [11, 10, 0, 0, 0, 46, 26, 28], [11, 12, 0, 0, 0, 25, 25, 50], [11, 13, 0, 0, 0, 35, 27, 38], [11, 14, 0, 0, 0, 51, 25, 24], [11, 15, 0, 0, 0, 55, 24, 21], [11, 17, 0, 0, 0, 47, 26, 27], [11, 19, 0, 0, 0, 75, 16, 9], [12, 2, 0, 0, 0, 82, 12, 6], [12, 3, 0, 0, 0, 82, 12, 6], [12, 4, 0, 0, 0, 84, 11, 5], [12, 5, 0, 0, 0, 86, 10, 4], [12, 6, 0, 0, 0, 75, 16, 9], [12, 7, 0, 0, 0, 87, 9, 4], [12, 8, 0, 0, 0, 61, 22, 17], [12, 9, 0, 0, 0, 51, 25, 24], [12, 10, 0, 0, 0, 70, 18, 12], [12, 11, 0, 0, 0, 70, 18, 12], [12, 13, 0, 0, 0, 57, 23, 20], [12, 14, 0, 0, 0, 75, 16, 9], [12, 15, 0, 0, 0, 79, 14, 7], [12, 16, 0, 0, 0, 90, 7, 3], [12, 17, 0, 0, 0, 70, 18, 12], [12, 18, 0, 0, 0, 85, 10, 5], [12, 19, 0, 0, 0, 92, 6, 2], [13, 0, 0, 0, 0, 55, 24, 21], [13, 1, 0, 0, 0, 87, 9, 4], [13, 2, 0, 0, 0, 72, 17, 11], [13, 3, 0, 0, 0, 71, 18, 11], [13, 4, 0, 0, 0, 74, 16, 10], [13, 5, 0, 0, 0, 77, 15, 8], [13, 6, 0, 0, 0, 63, 21, 16], [13, 7, 0, 0, 0, 79, 14, 7], [13, 9, 0, 0, 0, 40, 27, 33], [13, 10, 0, 0, 0, 58, 23, 19], [13, 11, 0, 0, 0, 58, 23, 19], [13, 12, 0, 0, 0, 36, 27, 37], [13, 14, 0, 0, 0, 63, 21, 16], [13, 15, 0, 0, 0, 68, 19, 13], [13, 16, 0, 0, 0, 84, 11, 5], [13, 17, 0, 0, 0, 58, 23, 19], [13, 18, 0, 0, 0, 76, 15, 9], [14, 0, 0, 0, 0, 38, 27, 35], [14, 2, 0, 0, 0, 54, 24, 22], [14, 3, 0, 0, 0, 52, 25, 23], [14, 4, 0, 0, 0, 55, 24, 21], [14, 5, 0, 0, 0, 58, 23, 19], [14, 6, 0, 0, 0, 46, 26, 28], [14, 7, 0, 0, 0, 61, 22, 17], [14, 8, 0, 0, 0, 34, 27, 39], [14, 9, 0, 0, 0, 24, 25, 51], [14, 10, 0, 0, 0, 41, 27, 32], [14, 11, 0, 0, 0, 41, 27, 32], [14, 12, 0, 0, 0, 20, 24, 56], [14, 13, 0, 0, 0, 30, 26, 44], [14, 15, 0, 0, 0, 51, 25, 24], [14, 16, 0, 0, 0, 68, 19, 13], [14, 17, 0, 0, 0, 41, 27, 32], [14, 18, 0, 0, 0, 58, 23, 19], [14, 19, 0, 0, 0, 69, 19, 12], [15, 0, 0, 0, 0, 34, 27, 39], [15, 1, 0, 0, 0, 66, 20, 14], [15, 2, 0, 0, 0, 49, 26, 25], [15, 3, 0, 0, 0, 48, 26, 26], [15, 4, 0, 0, 0, 51, 25, 24], [15, 5, 0, 0, 0, 54, 24, 22], [15, 6, 0, 0, 0, 42, 27, 31], [15, 8, 0, 0, 0, 30, 26, 44], [15, 10, 0, 0, 0, 37, 27, 36], [15, 11, 0, 0, 0, 37, 27, 36], [15, 12, 0, 0, 0, 17, 22, 61], [15, 13, 0, 0, 0, 26, 25, 49], [15, 14, 0, 0, 0, 42, 27, 31], [15, 16, 0, 0, 0, 63, 21, 16], [15, 17, 0, 0, 0, 37, 27, 36], [15, 18, 0, 0, 0, 52, 25, 23], [15, 19, 0, 0, 0, 64, 21, 15], [16, 0, 0, 0, 0, 19, 23, 58], [16, 1, 0, 0, 0, 50, 25, 25], [16, 2, 0, 0, 0, 34, 27, 39], [16, 4, 0, 0, 0, 36, 27, 37], [16, 5, 0, 0, 0, 38, 27, 35], [16, 6, 0, 0, 0, 27, 26, 47], [16, 7, 0, 0, 0, 40, 27, 33], [16, 8, 0, 0, 0, 16, 21, 63], [16, 9, 0, 0, 0, 10, 17, 73], [16, 10, 0, 0, 0, 22, 24, 54], [16, 11, 0, 0, 0, 22, 24, 54], [16, 12, 0, 0, 0, 8, 16, 76], [16, 13, 0, 0, 0, 13, 20, 67], [16, 14, 0, 0, 0, 27, 26, 47], [16, 15, 0, 0, 0, 31, 26, 43], [16, 17, 0, 0, 0, 22, 24, 54], [16, 19, 0, 0, 0, 48, 26, 26], [17, 0, 0, 0, 0, 42, 27, 31], [17, 1, 0, 0, 0, 77, 15, 8], [17, 2, 0, 0, 0, 58, 23, 19], [17, 3, 0, 0, 0, 58, 23, 19], [17, 4, 0, 0, 0, 60, 22, 18], [17, 5, 0, 0, 0, 63, 21, 16], [17, 6, 0, 0, 0, 51, 25, 24], [17, 7, 0, 0, 0, 66, 20, 14], [17, 8, 0, 0, 0, 38, 27, 35], [17, 9, 0, 0, 0, 28, 26, 46], [17, 10, 0, 0, 0, 46, 26, 28], [17, 11, 0, 0, 0, 46, 26, 28], [17, 12, 0, 0, 0, 25, 25, 50], [17, 13, 0, 0, 0, 35, 27, 38], [17, 16, 0, 0, 0, 73, 17, 10], [17, 18, 0, 0, 0, 63, 21, 16], [17, 19, 0, 0, 0, 74, 16, 10], [18, 0, 0, 0, 0, 27, 26, 47], [18, 1, 0, 0, 0, 59, 23, 18], [18, 2, 0, 0, 0, 42, 27, 31], [18, 3, 0, 0, 0, 42, 27, 31], [18, 5, 0, 0, 0, 47, 26, 27], [18, 6, 0, 0, 0, 36, 27, 37], [18, 8, 0, 0, 0, 23, 25, 52], [18, 9, 0, 0, 0, 15, 21, 64], [18, 10, 0, 0, 0, 31, 26, 43], [18, 11, 0, 0, 0, 31, 26, 43], [18, 12, 0, 0, 0, 13, 19, 68], [18, 13, 0, 0, 0, 20, 23, 57], [18, 14, 0, 0, 0, 36, 27, 37], [18, 15, 0, 0, 0, 40, 27, 33], [18, 16, 0, 0, 0, 55, 24, 21], [18, 19, 0, 0, 0, 57, 23, 20], [19, 0, 0, 0, 0, 18, 22, 60], [19, 1, 0, 0, 0, 48, 26, 26], [19, 2, 0, 0, 0, 33, 27, 40], [19, 3, 0, 0, 0, 32, 26, 42], [19, 4, 0, 0, 0, 34, 27, 39], [19, 5, 0, 0, 0, 37, 27, 36], [19, 7, 0, 0, 0, 39, 27, 34], [19, 8, 0, 0, 0, 15, 21, 64], [19, 9, 0, 0, 0, 9, 17, 74], [19, 10, 0, 0, 0, 21, 24, 55], [19, 11, 0, 0, 0, 21, 24, 55], [19, 13, 0, 0, 0, 12, 19, 69], [19, 15, 0, 0, 0, 30, 26, 44], [19, 16, 0, 0, 0, 46, 26, 28], [19, 17, 0, 0, 0, 21, 24, 55], [19, 18, 0, 0, 0, 36, 27, 37]]