[[12, 0, 1, 0, 1, 36, 27, 37], [18, 11, 1, 0, 1, 56, 24, 20], [5, 17, 2, 3, 1, 36, 27, 37], [9, 2, 2, 2, 1, 15, 21, 64], [16, 7, 1, 1, 1, 52, 25, 23], [1, 8, 0, 0, 1, 73, 17, 10], [3, 4, 2, 0, 1, 78, 14, 8], [10, 15, 0, 3, 1, 19, 23, 58], [13, 19, 1, 0, 1, 20, 23, 57], [14, 6, 0, 1, 1, 47, 26, 27], [4, 5, 2, 1, 1, 47, 26, 27], [17, 19, 3, 0, 1, 46, 26, 28], [0, 3, 0, 2, 1, 28, 26, 46], [9, 14, 1, 0, 1, 31, 26, 43], [11, 2, 1, 5, 1, 21, 24, 55], [13, 10, 2, 2, 1, 39, 27, 34], [6, 1, 0, 1, 1, 43, 27, 30], [7, 12, 0, 1, 1, 52, 25, 23], [8, 16, 0, 1, 1, 25, 25, 50], [15, 18, 2, 2, 1, 72, 17, 11], [12, 8, 1, 2, 1, 63, 21, 16], [3, 7, 5, 0, 1, 73, 17, 10], [15, 13, 1, 1, 1, 85, 10, 5], [16, 6, 3, 0, 1, 52, 25, 23], [18, 2, 0, 0, 1, 31, 26, 43], [1, 9, 2, 0, 1, 70, 18, 12], [5, 0, 1, 0, 1, 35, 27, 38], [10, 17, 2, 4, 1, 31, 26, 43], [19, 4, 3, 1, 1, 56, 24, 20], [14, 11, 1, 3, 1, 57, 23, 20], [6, 12, 1, 0, 1, 49, 26, 25], [2, 14, 1, 0, 1, 71, 18, 11], [4, 10, 2, 1, 1, 48, 26, 26], [8, 3, 1, 2, 1, 11, 18, 71], [13, 18, 1, 1, 1, 32, 26, 42], [0, 19, 0, 3, 1, 41, 27, 32], [9, 16, 0, 1, 1, 23, 24, 53], [11, 1, 1, 0, 1, 28, 26, 46], [17, 15, 1, 3, 1, 36, 27, 37], [7, 5, 2, 1, 1, 52, 25, 23], [3, 6, 6, 1, 1, 74, 16, 10], [18, 14, 5, 0, 1, 55, 24, 21], [1, 2, 1, 2, 1, 36, 27, 37], [10, 0, 1, 0, 1, 39, 27, 34], [12, 9, 0, 0, 1, 57, 23, 20], [15, 4, 0, 1, 1, 78, 14, 8], [16, 11, 1, 0, 1, 64, 21, 15], [5, 8, 1, 1, 1, 52, 25, 23], [13, 17, 3, 0, 1, 26, 25, 49], [19, 7, 0, 0, 1, 55, 24, 21], [0, 1, 0, 0, 0, 37, 27, 36], [0, 2, 0, 0, 0, 24, 25, 51], [0, 4, 0, 0, 0, 43, 27, 30], [0, 5, 0, 0, 0, 50, 25, 25], [0, 6, 0, 0, 0, 41, 27, 32], [0, 7, 0, 0, 0, 40, 27, 33], [0, 8, 0, 0, 0, 55, 24, 21], [0, 9, 0, 0, 0, 56, 24, 20], [0, 10, 0, 0, 0, 50, 25, 25], [0, 11, 0, 0, 0, 48, 26, 26], [0, 12, 0, 0, 0, 47, 26, 27], [0, 13, 0, 0, 0, 49, 26, 25], [0, 14, 0, 0, 0, 51, 25, 24], [0, 15, 0, 0, 0, 22, 24, 54], [0, 16, 0, 0, 0, 31, 26, 43], [0, 17, 0, 0, 0, 37, 27, 36], [0, 18, 0, 0, 0, 38, 27, 35], [1, 0, 0, 0, 0, 56, 24, 20], [1, 3, 0, 0, 0, 24, 25, 51], [1, 4, 0, 0, 0, 53, 25, 22], [1, 5, 0, 0, 0, 60, 22, 18], [1, 6, 0, 0, 0, 51, 25, 24], [1, 7, 0, 0, 0, 50, 25, 25], [1, 10, 0, 0, 0, 60, 22, 18], [1, 11, 0, 0, 0, 58, 23, 19], [1, 12, 0, 0, 0, 57, 23, 20], [1, 13, 0, 0, 0, 59, 23, 18], [1, 14, 0, 0, 0, 60, 22, 18], [1, 15, 0, 0, 0, 31, 26, 43], [1, 16, 0, 0, 0, 40, 27, 33], [1, 17, 0, 0, 0, 47, 26, 27], [1, 18, 0, 0, 0, 47, 26, 27], [1, 19, 0, 0, 0, 42, 27, 31], [2, 0, 0, 0, 0, 71, 18, 11], [2, 1, 0, 0, 0, 60, 22, 18], [2, 3, 0, 0, 0, 37, 27, 36], [2, 4, 0, 0, 0, 68, 19, 13], [2, 5, 0, 0, 0, 75, 16, 9], [2, 6, 0, 0, 0, 66, 20, 14], [2, 7, 0, 0, 0, 64, 21, 15], [2, 8, 0, 0, 0, 80, 13, 7], [2, 9, 0, 0, 0, 81, 13, 6], [2, 10, 0, 0, 0, 75, 16, 9], [2, 11, 0, 0, 0, 74, 16, 10], [2, 12, 0, 0, 0, 72, 17, 11], [2, 13, 0, 0, 0, 75, 16, 9], [2, 15, 0, 0, 0, 45, 27, 28], [2, 16, 0, 0, 0, 54, 24, 22], [2, 17, 0, 0, 0, 61, 22, 17], [2, 18, 0, 0, 0, 61, 22, 17], [2, 19, 0, 0, 0, 56, 24, 20], [3, 0, 0, 0, 0, 80, 13, 7], [3, 1, 0, 0, 0, 71, 18, 11], [3, 2, 0, 0, 0, 55, 24, 21], [3, 5, 0, 0, 0, 84, 11, 5], [3, 8, 0, 0, 0, 87, 9, 4], [3, 9, 0, 0, 0, 88, 8, 4], [3, 10, 0, 0, 0, 84, 11, 5], [3, 11, 0, 0, 0, 82, 12, 6], [3, 12, 0, 0, 0, 82, 12, 6], [3, 13, 0, 0, 0, 84, 11, 5], [3, 14, 0, 0, 0, 84, 11, 5], [3, 15, 0, 0, 0, 53, 25, 22], [3, 16, 0, 0, 0, 63, 21, 16], [3, 17, 0, 0, 0, 71, 18, 11], [3, 18, 0, 0, 0, 72, 17, 11], [3, 19, 0, 0, 0, 66, 20, 14], [4, 0, 0, 0, 0, 48, 26, 26], [4, 1, 0, 0, 0, 39, 27, 34], [4, 2, 0, 0, 0, 26, 25, 49], [4, 3, 0, 0, 0, 18, 22, 60], [4, 6, 0, 0, 0, 43, 27, 30], [4, 7, 0, 0, 0, 42, 27, 31], [4, 8, 0, 0, 0, 58, 23, 19], [4, 9, 0, 0, 0, 58, 23, 19], [4, 11, 0, 0, 0, 51, 25, 24], [4, 12, 0, 0, 0, 49, 26, 25], [4, 13, 0, 0, 0, 52, 25, 23], [4, 14, 0, 0, 0, 53, 25, 22], [4, 15, 0, 0, 0, 24, 25, 51], [4, 16, 0, 0, 0, 33, 27, 40], [4, 17, 0, 0, 0, 39, 27, 34], [4, 18, 0, 0, 0, 40, 27, 33], [4, 19, 0, 0, 0, 36, 27, 37], [5, 1, 0, 0, 0, 33, 27, 40], [5, 2, 0, 0, 0, 20, 23, 57], [5, 3, 0, 0, 0, 13, 20, 67], [5, 4, 0, 0, 0, 40, 27, 33], [5, 6, 0, 0, 0, 38, 27, 35], [5, 7, 0, 0, 0, 36, 27, 37], [5, 9, 0, 0, 0, 52, 25, 23], [5, 10, 0, 0, 0, 46, 26, 28], [5, 11, 0, 0, 0, 46, 26, 28], [5, 12, 0, 0, 0, 43, 27, 30], [5, 13, 0, 0, 0, 46, 26, 28], [5, 14, 0, 0, 0, 47, 26, 27], [5, 15, 0, 0, 0, 18, 23, 59], [5, 16, 0, 0, 0, 27, 26, 47], [5, 18, 0, 0, 0, 34, 27, 39], [5, 19, 0, 0, 0, 30, 26, 44], [6, 0, 0, 0, 0, 51, 25, 24], [6, 2, 0, 0, 0, 28, 26, 46], [6, 3, 0, 0, 0, 20, 23, 57], [6, 4, 0, 0, 0, 48, 26, 26], [6, 5, 0, 0, 0, 55, 24, 21], [6, 7, 0, 0, 0, 46, 26, 28], [6, 8, 0, 0, 0, 60, 22, 18], [6, 9, 0, 0, 0, 61, 22, 17], [6, 10, 0, 0, 0, 55, 24, 21], [6, 11, 0, 0, 0, 53, 25, 22], [6, 13, 0, 0, 0, 54, 24, 22], [6, 14, 0, 0, 0, 55, 24, 21], [6, 15, 0, 0, 0, 26, 25, 49], [6, 16, 0, 0, 0, 35, 27, 38], [6, 17, 0, 0, 0, 42, 27, 31], [6, 18, 0, 0, 0, 42, 27, 31], [6, 19, 0, 0, 0, 38, 27, 35], [7, 0, 0, 0, 0, 52, 25, 23], [7, 1, 0, 0, 0, 42, 27, 31], [7, 2, 0, 0, 0, 28, 26, 46], [7, 3, 0, 0, 0, 21, 24, 55], [7, 4, 0, 0, 0, 50, 25, 25], [7, 6, 0, 0, 0, 47, 26, 27], [7, 8, 0, 0, 0, 61, 22, 17], [7, 9, 0, 0, 0, 63, 21, 16], [7, 10, 0, 0, 0, 56, 24, 20], [7, 11, 0, 0, 0, 55, 24, 21], [7, 13, 0, 0, 0, 55, 24, 21], [7, 14, 0, 0, 0, 57, 23, 20], [7, 15, 0, 0, 0, 27, 26, 47], [7, 16, 0, 0, 0, 36, 27, 37], [7, 17, 0, 0, 0, 43, 27, 30], [7, 18, 0, 0, 0, 43, 27, 30], [7, 19, 0, 0, 0, 39, 27, 34], [8, 0, 0, 0, 0, 38, 27, 35], [8, 1, 0, 0, 0, 28, 26, 46], [8, 2, 0, 0, 0, 16, 22, 62], [8, 4, 0, 0, 0, 36, 27, 37], [8, 5, 0, 0, 0, 41, 27, 32], [8, 6, 0, 0, 0, 33, 27, 40], [8, 7, 0, 0, 0, 32, 26, 42], [8, 9, 0, 0, 0, 47, 26, 27], [8, 10, 0, 0, 0, 41, 27, 32], [8, 11, 0, 0, 0, 40, 27, 33], [8, 12, 0, 0, 0, 38, 27, 35], [8, 13, 0, 0, 0, 40, 27, 33], [8, 14, 0, 0, 0, 42, 27, 31], [8, 15, 0, 0, 0, 15, 21, 64], [8, 17, 0, 0, 0, 28, 26, 46], [8, 18, 0, 0, 0, 30, 26, 44], [8, 19, 0, 0, 0, 25, 25, 50], [9, 0, 0, 0, 0, 37, 27, 36], [9, 1, 0, 0, 0, 28, 26, 46], [9, 3, 0, 0, 0, 10, 17, 73], [9, 4, 0, 0, 0, 35, 27, 38], [9, 5, 0, 0, 0, 40, 27, 33], [9, 6, 0, 0, 0, 32, 26, 42], [9, 7, 0, 0, 0, 31, 26, 43], [9, 8, 0, 0, 0, 46, 26, 28], [9, 10, 0, 0, 0, 40, 27, 33], [9, 11, 0, 0, 0, 39, 27, 34], [9, 12, 0, 0, 0, 38, 27, 35], [9, 13, 0, 0, 0, 39, 27, 34], [9, 15, 0, 0, 0, 14, 20, 66], [9, 17, 0, 0, 0, 28, 26, 46], [9, 18, 0, 0, 0, 28, 26, 46], [9, 19, 0, 0, 0, 24, 25, 51], [10, 1, 0, 0, 0, 33, 27, 40], [10, 2, 0, 0, 0, 20, 23, 57], [10, 3, 0, 0, 0, 14, 20, 66], [10, 4, 0, 0, 0, 40, 27, 33], [10, 5, 0, 0, 0, 47, 26, 27], [10, 6, 0, 0, 0, 38, 27, 35], [10, 7, 0, 0, 0, 37, 27, 36], [10, 8, 0, 0, 0, 51, 25, 24], [10, 9, 0, 0, 0, 52, 25, 23], [10, 11, 0, 0, 0, 46, 26, 28], [10, 12, 0, 0, 0, 43, 27, 30], [10, 13, 0, 0, 0, 46, 26, 28], [10, 14, 0, 0, 0, 47, 26, 27], [10, 16, 0, 0, 0, 27, 26, 47], [10, 18, 0, 0, 0, 35, 27, 38], [10, 19, 0, 0, 0, 30, 26, 44], [11, 0, 0, 0, 0, 43, 27, 30], [11, 3, 0, 0, 0, 14, 20, 66], [11, 4, 0, 0, 0, 41, 27, 32], [11, 5, 0, 0, 0, 48, 26, 26], [11, 6, 0, 0, 0, 39, 27, 34], [11, 7, 0, 0, 0, 38, 27, 35], [11, 8, 0, 0, 0, 52, 25, 23], [11, 9, 0, 0, 0, 54, 24, 22], [11, 10, 0, 0, 0, 47, 26, 27], [11, 12, 0, 0, 0, 46, 26, 28], [11, 13, 0, 0, 0, 47, 26, 27], [11, 14, 0, 0, 0, 48, 26, 26], [11, 15, 0, 0, 0, 20, 23, 57], [11, 16, 0, 0, 0, 28, 26, 46], [11, 17, 0, 0, 0, 35, 27, 38], [11, 18, 0, 0, 0, 36, 27, 37], [11, 19, 0, 0, 0, 31, 26, 43], [12, 1, 0, 0, 0, 36, 27, 37], [12, 2, 0, 0, 0, 23, 24, 53], [12, 3, 0, 0, 0, 15, 21, 64], [12, 4, 0, 0, 0, 43, 27, 30], [12, 5, 0, 0, 0, 49, 26, 25], [12, 6, 0, 0, 0, 40, 27, 33], [12, 7, 0, 0, 0, 39, 27, 34], [12, 10, 0, 0, 0, 49, 26, 25], [12, 11, 0, 0, 0, 48, 26, 26], [12, 13, 0, 0, 0, 48, 26, 26], [12, 14, 0, 0, 0, 49, 26, 25], [12, 15, 0, 0, 0, 21, 24, 55], [12, 16, 0, 0, 0, 30, 26, 44], [12, 17, 0, 0, 0, 36, 27, 37], [12, 18, 0, 0, 0, 37, 27, 36], [12, 19, 0, 0, 0, 33, 27, 40], [13, 0, 0, 0, 0, 43, 27, 30], [13, 1, 0, 0, 0, 34, 27, 39], [13, 2, 0, 0, 0, 21, 24, 55], [13, 3, 0, 0, 0, 14, 20, 66], [13, 4, 0, 0, 0, 41, 27, 32], [13, 5, 0, 0, 0, 47, 26, 27], [13, 6, 0, 0, 0, 39, 27, 34], [13, 7, 0, 0, 0, 37, 27, 36], [13, 8, 0, 0, 0, 52, 25, 23], [13, 9, 0, 0, 0, 53, 25, 22], [13, 11, 0, 0, 0, 46, 26, 28], [13, 12, 0, 0, 0, 45, 27, 28], [13, 14, 0, 0, 0, 47, 26, 27], [13, 15, 0, 0, 0, 19, 23, 58], [13, 16, 0, 0, 0, 28, 26, 46], [14, 0, 0, 0, 0, 42, 27, 31], [14, 1, 0, 0, 0, 33, 27, 40], [14, 2, 0, 0, 0, 20, 23, 57], [14, 3, 0, 0, 0, 13, 20, 67], [14, 4, 0, 0, 0, 40, 27, 33], [14, 5, 0, 0, 0, 46, 26, 28], [14, 7, 0, 0, 0, 36, 27, 37], [14, 8, 0, 0, 0, 51, 25, 24], [14, 9, 0, 0, 0, 52, 25, 23], [14, 10, 0, 0, 0, 46, 26, 28], [14, 12, 0, 0, 0, 42, 27, 31], [14, 13, 0, 0, 0, 46, 26, 28], [14, 15, 0, 0, 0, 18, 22, 60], [14, 16, 0, 0, 0, 26, 25, 49], [14, 17, 0, 0, 0, 33, 27, 40], [14, 18, 0, 0, 0, 34, 27, 39], [14, 19, 0, 0, 0, 28, 26, 46], [15, 0, 0, 0, 0, 73, 17, 10], [15, 1, 0, 0, 0, 63, 21, 16], [15, 2, 0, 0, 0, 48, 26, 26], [15, 3, 0, 0, 0, 39, 27, 34], [15, 5, 0, 0, 0, 77, 15, 8], [15, 6, 0, 0, 0, 68, 19, 13], [15, 7, 0, 0, 0, 66, 20, 14], [15, 8, 0, 0, 0, 82, 12, 6], [15, 9, 0, 0, 0, 82, 12, 6], [15, 10, 0, 0, 0, 77, 15, 8], [15, 11, 0, 0, 0, 76, 15, 9], [15, 12, 0, 0, 0, 75, 16, 9], [15, 14, 0, 0, 0, 78, 14, 8], [15, 16, 0, 0, 0, 55, 24, 21], [15, 17, 0, 0, 0, 63, 21, 16], [15, 19, 0, 0, 0, 58, 23, 19], [16, 0, 0, 0, 0, 63, 21, 16], [16, 1, 0, 0, 0, 52, 25, 23], [16, 2, 0, 0, 0, 39, 27, 34], [16, 3, 0, 0, 0, 30, 26, 44], [16, 4, 0, 0, 0, 60, 22, 18], [16, 5, 0, 0, 0, 68, 19, 13], [16, 8, 0, 0, 0, 73, 17, 10], [16, 9, 0, 0, 0, 74, 16, 10], [16, 10, 0, 0, 0, 67, 20, 13], [16, 12, 0, 0, 0, 64, 21, 15], [16, 13, 0, 0, 0, 66, 20, 14], [16, 14, 0, 0, 0, 68, 19, 13], [16, 15, 0, 0, 0, 37, 27, 36], [16, 17, 0, 0, 0, 53, 25, 22], [16, 18, 0, 0, 0, 54, 24, 22], [16, 19, 0, 0, 0, 49, 26, 25], [17, 0, 0, 0, 0, 55, 24, 21], [17, 1, 0, 0, 0, 46, 26, 28], [17, 2, 0, 0, 0, 32, 26, 42], [17, 3, 0, 0, 0, 24, 25, 51], [17, 4, 0, 0, 0, 53, 25, 22], [17, 5, 0, 0, 0, 59, 23, 18], [17, 6, 0, 0, 0, 51, 25, 24], [17, 7, 0, 0, 0, 49, 26, 25], [17, 8, 0, 0, 0, 65, 20, 15], [17, 9, 0, 0, 0, 66, 20, 14], [17, 10, 0, 0, 0, 59, 23, 18], [17, 11, 0, 0, 0, 58, 23, 19], [17, 12, 0, 0, 0, 56, 24, 20], [17, 13, 0, 0, 0, 58, 23, 19], [17, 14, 0, 0, 0, 60, 22, 18], [17, 16, 0, 0, 0, 39, 27, 34], [17, 18, 0, 0, 0, 47, 26, 27], [18, 0, 0, 0, 0, 55, 24, 21], [18, 1, 0, 0, 0, 46, 26, 28], [18, 3, 0, 0, 0, 23, 24, 53], [18, 4, 0, 0, 0, 52, 25, 23], [18, 5, 0, 0, 0, 58, 23, 19], [18, 6, 0, 0, 0, 50, 25, 25], [18, 7, 0, 0, 0, 48, 26, 26], [18, 8, 0, 0, 0, 64, 21, 15], [18, 9, 0, 0, 0, 65, 20, 15], [18, 10, 0, 0, 0, 58, 23, 19], [18, 12, 0, 0, 0, 55, 24, 21], [18, 13, 0, 0, 0, 58, 23, 19], [18, 15, 0, 0, 0, 30, 26, 44], [18, 16, 0, 0, 0, 39, 27, 34], [18, 17, 0, 0, 0, 46, 26, 28], [18, 19, 0, 0, 0, 41, 27, 32], [19, 0, 0, 0, 0, 60, 22, 18], [19, 1, 0, 0, 0, 50, 25, 25], [19, 2, 0, 0, 0, 36, 27, 37], [19, 3, 0, 0, 0, 28, 26, 46], [19, 5, 0, 0, 0, 64, 21, 15], [19, 6, 0, 0, 0, 55, 24, 21], [19, 8, 0, 0, 0, 70, 18, 12], [19, 9, 0, 0, 0, 71, 18, 11], [19, 10, 0, 0, 0, 64, 21, 15], [19, 11, 0, 0, 0, 63, 21, 16], [19, 12, 0, 0, 0, 61, 22, 17], [19, 13, 0, 0, 0, 63, 21, 16], [19, 14, 0, 0, 0, 64, 21, 15], [19, 15, 0, 0, 0, 34, 27, 39], [19, 16, 0, 0, 0, 43, 27, 30], [19, 17, 0, 0, 0, 51, 25, 24], [19, 18, 0, 0, 0, 51, 25, 24]]