[[0.0, 0.3, 1.4, 8.7, 16.4, 19.3, 15.9, 12.2, 9.1, 6.4, 4.4, 2.8, 1.2, 1.0, 0.4, 0.3, 0.0, 0.1, 0.0, 0.1], [22.3, 47.5, 23.6, 5.3, 0.9, 0.3, 0.1, 0.0, 0.0, 0.0, 0.0, 0.0, 0.0, 0.0, 0.0, 0.0, 0.0, 0.0, 0.0, 0.0], [68.8, 21.8, 8.1, 1.2, 0.1, 0.0, 0.0, 0.0, 0.0, 0.0, 0.0, 0.0, 0.0, 0.0, 0.0, 0.0, 0.0, 0.0, 0.0, 0.0], [0.0, 0.0, 0.0, 0.0, 0.1, 0.3, 0.8, 1.1, 2.2, 4.1, 6.2, 8.6, 9.6, 11.2, 12.0, 12.0, 11.2, 9.7, 7.2, 3.7], [0.0, 0.1, 0.6, 3.8, 8.8, 12.0, 14.7, 15.0, 13.4, 11.4, 7.7, 5.5, 3.3, 1.9, 1.1, 0.5, 0.1, 0.0, 0.1, 0.0], [0.0, 0.0, 1.0, 5.1, 12.3, 16.2, 16.0, 14.6, 10.8, 8.8, 6.4, 3.8, 2.4, 1.4, 0.7, 0.2, 0.2, 0.1, 0.0, 0.0], [0.0, 0.0, 0.0, 0.0, 0.3, 0.6, 1.2, 2.5, 3.6, 5.5, 7.7, 9.1, 10.9, 11.6, 10.7, 11.4, 9.8, 7.8, 5.0, 2.3], [0.0, 0.0, 0.0, 0.2, 1.2, 2.3, 4.1, 5.6, 9.2, 10.3, 12.1, 12.6, 11.2, 9.5, 7.7, 5.9, 4.0, 2.3, 1.4, 0.4], [0.0, 0.0, 0.0, 0.0, 0.1, 0.1, 0.4, 0.7, 1.6, 2.2, 3.7, 5.6, 7.9, 9.5, 11.7, 12.3, 12.6, 12.4, 11.4, 7.8], [0.0, 0.0, 0.4, 2.7, 7.0, 10.1, 12.8, 15.0, 13.5, 12.1, 8.9, 6.5, 4.7, 2.8, 1.5, 1.0, 0.5, 0.2, 0.2, 0.1], [0.0, 0.0, 0.0, 0.0, 0.0, 0.2, 0.3, 0.7, 1.2, 1.5, 2.9, 4.1, 6.4, 6.9, 9.2, 11.5, 11.9, 14.6, 15.4, 13.2], [0.0, 0.0, 0.0, 0.0, 0.0, 0.0, 0.0, 0.1, 0.1, 0.3, 0.8, 1.4, 2.3, 3.1, 4.4, 5.6, 8.4, 13.1, 19.8, 40.6], [0.0, 0.0, 0.1, 0.5, 1.5, 3.1, 5.0, 7.4, 10.4, 12.0, 13.2, 11.8, 9.9, 8.5, 5.9, 4.3, 3.0, 1.8, 1.2, 0.4], [8.4, 25.7, 44.9, 14.3, 4.4, 1.6, 0.4, 0.1, 0.1, 0.1, 0.0, 0.0, 0.0, 0.0, 0.0, 0.0, 0.0, 0.0, 0.0, 0.0], [0.0, 0.4, 3.7, 16.3, 25.6, 18.0, 12.5, 8.6, 6.4, 4.2, 2.1, 1.2, 0.6, 0.3, 0.1, 0.0, 0.0, 0.0, 0.0, 0.0], [0.0, 0.0, 0.0, 0.1, 0.1, 0.3, 0.9, 1.7, 2.7, 4.2, 6.5, 9.0, 10.2, 12.6, 12.4, 12.0, 10.5, 8.5, 5.7, 2.6], [0.0, 0.0, 0.0, 0.0, 0.0, 0.1, 0.2, 0.4, 0.8, 1.4, 2.0, 3.4, 5.2, 6.3, 8.2, 9.7, 12.6, 14.8, 17.6, 17.3], [0.0, 0.1, 0.1, 0.8, 3.3, 5.7, 8.9, 11.3, 12.8, 13.2, 12.1, 9.8, 7.6, 5.0, 3.7, 2.7, 1.7, 0.6, 0.4, 0.2], [0.0, 0.0, 0.0, 0.0, 0.0, 0.1, 0.3, 0.5, 0.7, 1.4, 3.1, 4.7, 6.5, 8.4, 10.3, 10.6, 13.5, 14.0, 14.6, 11.3], [0.5, 4.1, 16.1, 41.0, 17.9, 9.7, 5.5, 2.5, 1.4, 0.9, 0.2, 0.1, 0.1, 0.0, 0.0, 0.0, 0.0, 0.0, 0.0, 0.0]]