[[2, 13, 0, 3, 1, 32, 26, 42], [7, 1, 2, 1, 1, 27, 26, 47], [9, 0, 3, 2, 1, 66, 20, 14], [15, 8, 4, 1, 1, 68, 19, 13], [14, 11, 3, 0, 1, 36, 27, 37], [4, 12, 2, 1, 1, 68, 19, 13], [5, 6, 3, 3, 1, 58, 23, 19], [16, 3, 1, 2, 1, 42, 27, 31], [17, 10, 4, 2, 1, 46, 26, 28], [10, 15, 1, 3, 1, 35, 27, 38], [0, 2, 2, 0, 1, 52, 25, 23], [6, 7, 1, 1, 1, 38, 27, 35], [12, 14, 1, 2, 1, 57, 23, 20], [1, 5, 3, 1, 1, 60, 22, 18], [3, 4, 0, 1, 1, 30, 26, 44], [8, 9, 1, 4, 1, 13, 19, 68], [11, 17, 1, 1, 1, 39, 27, 34], [13, 16, 2, 0, 1, 71, 18, 11], [8, 11, 2, 2, 1, 37, 27, 36], [2, 6, 1, 2, 1, 43, 27, 30], [7, 3, 2, 2, 1, 49, 26, 25], [15, 0, 1, 2, 1, 52, 25, 23], [17, 12, 2, 0, 1, 49, 26, 25], [4, 16, 5, 0, 1, 75, 16, 9], [5, 13, 2, 1, 1, 32, 26, 42], [9, 10, 2, 0, 1, 78, 14, 8], [14, 1, 0, 2, 1, 18, 22, 60], [1, 17, 3, 0, 1, 69, 19, 12], [3, 15, 0, 3, 1, 42, 27, 31], [7, 4, 2, 4, 1, 28, 26, 46], [16, 2, 1, 2, 1, 48, 26, 26], [0, 8, 2, 1, 1, 71, 18, 11], [5, 14, 1, 1, 1, 64, 21, 15], [6, 9, 2, 0, 1, 23, 24, 53], [11, 12, 1, 0, 1, 43, 27, 30], [13, 10, 2, 0, 1, 73, 17, 10], [11, 0, 0, 2, 1, 33, 27, 40], [3, 6, 1, 2, 1, 42, 27, 31], [8, 5, 2, 1, 1, 23, 25, 52], [10, 16, 1, 3, 1, 46, 26, 28], [17, 7, 2, 1, 1, 43, 27, 30], [2, 1, 1, 1, 1, 19, 23, 58], [9, 4, 1, 0, 1, 40, 27, 33], [12, 13, 4, 0, 1, 22, 24, 54], [15, 14, 1, 1, 1, 66, 20, 14], [0, 1, 0, 0, 0, 34, 27, 39], [0, 3, 0, 0, 0, 58, 23, 19], [0, 4, 0, 0, 0, 33, 27, 40], [0, 5, 0, 0, 0, 52, 25, 23], [0, 6, 0, 0, 0, 51, 25, 24], [0, 7, 0, 0, 0, 54, 24, 22], [0, 9, 0, 0, 0, 35, 27, 38], [0, 10, 0, 0, 0, 69, 19, 12], [0, 11, 0, 0, 0, 65, 20, 15], [0, 12, 0, 0, 0, 58, 23, 19], [0, 13, 0, 0, 0, 42, 27, 31], [0, 14, 0, 0, 0, 63, 21, 16], [0, 15, 0, 0, 0, 46, 26, 28], [0, 16, 0, 0, 0, 61, 22, 17], [0, 17, 0, 0, 0, 54, 24, 22], [1, 0, 0, 0, 0, 59, 23, 18], [1, 2, 0, 0, 0, 75, 16, 9], [1, 3, 0, 0, 0, 73, 17, 10], [1, 4, 0, 0, 0, 46, 26, 28], [1, 6, 0, 0, 0, 64, 21, 15], [1, 7, 0, 0, 0, 68, 19, 13], [1, 8, 0, 0, 0, 84, 11, 5], [1, 9, 0, 0, 0, 47, 26, 27], [1, 10, 0, 0, 0, 82, 12, 6], [1, 11, 0, 0, 0, 79, 14, 7], [1, 12, 0, 0, 0, 72, 17, 11], [1, 13, 0, 0, 0, 56, 24, 20], [1, 14, 0, 0, 0, 78, 14, 8], [1, 15, 0, 0, 0, 60, 22, 18], [1, 16, 0, 0, 0, 75, 16, 9], [2, 0, 0, 0, 0, 33, 27, 40], [2, 3, 0, 0, 0, 46, 26, 28], [2, 4, 0, 0, 0, 20, 23, 57], [2, 5, 0, 0, 0, 39, 27, 34], [2, 7, 0, 0, 0, 41, 27, 32], [2, 8, 0, 0, 0, 57, 23, 20], [2, 9, 0, 0, 0, 22, 24, 54], [2, 10, 0, 0, 0, 54, 24, 22], [2, 11, 0, 0, 0, 51, 25, 24], [2, 12, 0, 0, 0, 43, 27, 30], [2, 14, 0, 0, 0, 49, 26, 25], [2, 15, 0, 0, 0, 33, 27, 40], [2, 16, 0, 0, 0, 47, 26, 27], [2, 17, 0, 0, 0, 40, 27, 33], [3, 0, 0, 0, 0, 35, 27, 38], [3, 1, 0, 0, 0, 22, 24, 54], [3, 2, 0, 0, 0, 47, 26, 27], [3, 5, 0, 0, 0, 40, 27, 33], [3, 7, 0, 0, 0, 42, 27, 31], [3, 8, 0, 0, 0, 58, 23, 19], [3, 9, 0, 0, 0, 23, 25, 52], [3, 10, 0, 0, 0, 55, 24, 21], [3, 11, 0, 0, 0, 52, 25, 23], [3, 12, 0, 0, 0, 46, 26, 28], [3, 13, 0, 0, 0, 31, 26, 43], [3, 14, 0, 0, 0, 51, 25, 24], [3, 16, 0, 0, 0, 48, 26, 26], [3, 17, 0, 0, 0, 41, 27, 32], [4, 0, 0, 0, 0, 60, 22, 18], [4, 1, 0, 0, 0, 47, 26, 27], [4, 2, 0, 0, 0, 75, 16, 9], [4, 3, 0, 0, 0, 74, 16, 10], [4, 5, 0, 0, 0, 66, 20, 14], [4, 6, 0, 0, 0, 65, 20, 15], [4, 7, 0, 0, 0, 69, 19, 12], [4, 8, 0, 0, 0, 85, 10, 5], [4, 9, 0, 0, 0, 48, 26, 26], [4, 10, 0, 0, 0, 82, 12, 6], [4, 11, 0, 0, 0, 80, 13, 7], [4, 13, 0, 0, 0, 57, 23, 20], [4, 14, 0, 0, 0, 79, 14, 7], [4, 15, 0, 0, 0, 60, 22, 18], [4, 17, 0, 0, 0, 69, 19, 12], [5, 0, 0, 0, 0, 40, 27, 33], [5, 1, 0, 0, 0, 28, 26, 46], [5, 2, 0, 0, 0, 54, 24, 22], [5, 3, 0, 0, 0, 52, 25, 23], [5, 4, 0, 0, 0, 27, 26, 47], [5, 7, 0, 0, 0, 48, 26, 26], [5, 8, 0, 0, 0, 65, 20, 15], [5, 9, 0, 0, 0, 28, 26, 46], [5, 10, 0, 0, 0, 63, 21, 16], [5, 11, 0, 0, 0, 58, 23, 19], [5, 12, 0, 0, 0, 52, 25, 23], [5, 15, 0, 0, 0, 40, 27, 33], [5, 16, 0, 0, 0, 55, 24, 21], [5, 17, 0, 0, 0, 48, 26, 26], [6, 0, 0, 0, 0, 42, 27, 31], [6, 1, 0, 0, 0, 30, 26, 44], [6, 2, 0, 0, 0, 55, 24, 21], [6, 3, 0, 0, 0, 55, 24, 21], [6, 4, 0, 0, 0, 28, 26, 46], [6, 5, 0, 0, 0, 48, 26, 26], [6, 8, 0, 0, 0, 68, 19, 13], [6, 10, 0, 0, 0, 64, 21, 15], [6, 11, 0, 0, 0, 61, 22, 17], [6, 12, 0, 0, 0, 53, 25, 22], [6, 13, 0, 0, 0, 39, 27, 34], [6, 14, 0, 0, 0, 59, 23, 18], [6, 15, 0, 0, 0, 42, 27, 31], [6, 16, 0, 0, 0, 57, 23, 20], [6, 17, 0, 0, 0, 50, 25, 25], [7, 0, 0, 0, 0, 38, 27, 35], [7, 2, 0, 0, 0, 52, 25, 23], [7, 5, 0, 0, 0, 45, 27, 28], [7, 6, 0, 0, 0, 42, 27, 31], [7, 8, 0, 0, 0, 63, 21, 16], [7, 9, 0, 0, 0, 27, 26, 47], [7, 10, 0, 0, 0, 60, 22, 18], [7, 11, 0, 0, 0, 56, 24, 20], [7, 12, 0, 0, 0, 49, 26, 25], [7, 13, 0, 0, 0, 35, 27, 38], [7, 14, 0, 0, 0, 55, 24, 21], [7, 15, 0, 0, 0, 39, 27, 34], [7, 16, 0, 0, 0, 52, 25, 23], [7, 17, 0, 0, 0, 46, 26, 28], [8, 0, 0, 0, 0, 23, 24, 53], [8, 1, 0, 0, 0, 13, 20, 67], [8, 2, 0, 0, 0, 36, 27, 37], [8, 3, 0, 0, 0, 35, 27, 38], [8, 4, 0, 0, 0, 13, 19, 68], [8, 6, 0, 0, 0, 27, 26, 47], [8, 7, 0, 0, 0, 31, 26, 43], [8, 10, 0, 0, 0, 43, 27, 30], [8, 12, 0, 0, 0, 34, 27, 39], [8, 13, 0, 0, 0, 20, 23, 57], [8, 14, 0, 0, 0, 39, 27, 34], [8, 15, 0, 0, 0, 23, 25, 52], [8, 16, 0, 0, 0, 37, 27, 36], [8, 17, 0, 0, 0, 30, 26, 44], [9, 1, 0, 0, 0, 46, 26, 28], [9, 2, 0, 0, 0, 73, 17, 10], [9, 3, 0, 0, 0, 71, 18, 11], [9, 5, 0, 0, 0, 64, 21, 15], [9, 6, 0, 0, 0, 63, 21, 16], [9, 7, 0, 0, 0, 66, 20, 14], [9, 8, 0, 0, 0, 84, 11, 5], [9, 11, 0, 0, 0, 78, 14, 8], [9, 12, 0, 0, 0, 70, 18, 12], [9, 13, 0, 0, 0, 55, 24, 21], [9, 14, 0, 0, 0, 76, 15, 9], [9, 15, 0, 0, 0, 58, 23, 19], [9, 16, 0, 0, 0, 74, 16, 10], [9, 17, 0, 0, 0, 66, 20, 14], [10, 0, 0, 0, 0, 25, 25, 50], [10, 1, 0, 0, 0, 15, 21, 64], [10, 2, 0, 0, 0, 38, 27, 35], [10, 3, 0, 0, 0, 37, 27, 36], [10, 4, 0, 0, 0, 14, 20, 66], [10, 5, 0, 0, 0, 31, 26, 43], [10, 6, 0, 0, 0, 28, 26, 46], [10, 7, 0, 0, 0, 33, 27, 40], [10, 8, 0, 0, 0, 48, 26, 26], [10, 9, 0, 0, 0, 16, 21, 63], [10, 11, 0, 0, 0, 42, 27, 31], [10, 12, 0, 0, 0, 36, 27, 37], [10, 13, 0, 0, 0, 22, 24, 54], [10, 14, 0, 0, 0, 41, 27, 32], [10, 17, 0, 0, 0, 33, 27, 40], [11, 1, 0, 0, 0, 17, 22, 61], [11, 2, 0, 0, 0, 41, 27, 32], [11, 3, 0, 0, 0, 40, 27, 33], [11, 4, 0, 0, 0, 17, 22, 61], [11, 5, 0, 0, 0, 34, 27, 39], [11, 6, 0, 0, 0, 33, 27, 40], [11, 7, 0, 0, 0, 36, 27, 37], [11, 8, 0, 0, 0, 52, 25, 23], [11, 9, 0, 0, 0, 18, 23, 59], [11, 10, 0, 0, 0, 49, 26, 25], [11, 13, 0, 0, 0, 25, 25, 50], [11, 14, 0, 0, 0, 46, 26, 28], [11, 15, 0, 0, 0, 28, 26, 46], [11, 16, 0, 0, 0, 42, 27, 31], [12, 0, 0, 0, 0, 35, 27, 38], [12, 1, 0, 0, 0, 23, 24, 53], [12, 2, 0, 0, 0, 48, 26, 26], [12, 3, 0, 0, 0, 47, 26, 27], [12, 4, 0, 0, 0, 22, 24, 54], [12, 5, 0, 0, 0, 41, 27, 32], [12, 6, 0, 0, 0, 39, 27, 34], [12, 7, 0, 0, 0, 43, 27, 30], [12, 8, 0, 0, 0, 59, 23, 18], [12, 9, 0, 0, 0, 24, 25, 51], [12, 10, 0, 0, 0, 56, 24, 20], [12, 11, 0, 0, 0, 53, 25, 22], [12, 15, 0, 0, 0, 36, 27, 37], [12, 16, 0, 0, 0, 49, 26, 25], [12, 17, 0, 0, 0, 42, 27, 31], [13, 0, 0, 0, 0, 49, 26, 25], [13, 1, 0, 0, 0, 37, 27, 36], [13, 2, 0, 0, 0, 64, 21, 15], [13, 3, 0, 0, 0, 63, 21, 16], [13, 4, 0, 0, 0, 36, 27, 37], [13, 5, 0, 0, 0, 55, 24, 21], [13, 6, 0, 0, 0, 54, 24, 22], [13, 7, 0, 0, 0, 58, 23, 19], [13, 8, 0, 0, 0, 75, 16, 9], [13, 9, 0, 0, 0, 38, 27, 35], [13, 11, 0, 0, 0, 69, 19, 12], [13, 12, 0, 0, 0, 61, 22, 17], [13, 14, 0, 0, 0, 68, 19, 13], [13, 15, 0, 0, 0, 50, 25, 25], [13, 17, 0, 0, 0, 58, 23, 19], [14, 0, 0, 0, 0, 30, 26, 44], [14, 2, 0, 0, 0, 43, 27, 30], [14, 3, 0, 0, 0, 41, 27, 32], [14, 4, 0, 0, 0, 18, 22, 60], [14, 5, 0, 0, 0, 36, 27, 37], [14, 6, 0, 0, 0, 34, 27, 39], [14, 7, 0, 0, 0, 38, 27, 35], [14, 8, 0, 0, 0, 54, 24, 22], [14, 9, 0, 0, 0, 19, 23, 58], [14, 10, 0, 0, 0, 51, 25, 24], [14, 12, 0, 0, 0, 41, 27, 32], [14, 13, 0, 0, 0, 27, 25, 48], [14, 15, 0, 0, 0, 30, 26, 44], [14, 16, 0, 0, 0, 43, 27, 30], [14, 17, 0, 0, 0, 37, 27, 36], [15, 1, 0, 0, 0, 34, 27, 39], [15, 2, 0, 0, 0, 60, 22, 18], [15, 3, 0, 0, 0, 58, 23, 19], [15, 4, 0, 0, 0, 33, 27, 40], [15, 5, 0, 0, 0, 52, 25, 23], [15, 6, 0, 0, 0, 50, 25, 25], [15, 7, 0, 0, 0, 54, 24, 22], [15, 9, 0, 0, 0, 35, 27, 38], [15, 10, 0, 0, 0, 69, 19, 12], [15, 11, 0, 0, 0, 65, 20, 15], [15, 12, 0, 0, 0, 58, 23, 19], [15, 13, 0, 0, 0, 42, 27, 31], [15, 16, 0, 0, 0, 61, 22, 17], [15, 17, 0, 0, 0, 54, 24, 22], [16, 0, 0, 0, 0, 32, 27, 41], [16, 1, 0, 0, 0, 20, 23, 57], [16, 4, 0, 0, 0, 20, 23, 57], [16, 5, 0, 0, 0, 38, 27, 35], [16, 6, 0, 0, 0, 36, 27, 37], [16, 7, 0, 0, 0, 40, 27, 33], [16, 8, 0, 0, 0, 56, 24, 20], [16, 9, 0, 0, 0, 21, 24, 55], [16, 10, 0, 0, 0, 53, 25, 22], [16, 11, 0, 0, 0, 50, 25, 25], [16, 12, 0, 0, 0, 43, 27, 30], [16, 13, 0, 0, 0, 28, 26, 46], [16, 14, 0, 0, 0, 48, 26, 26], [16, 15, 0, 0, 0, 33, 27, 40], [16, 17, 0, 0, 0, 39, 27, 34], [17, 0, 0, 0, 0, 39, 27, 34], [17, 1, 0, 0, 0, 26, 25, 49], [17, 2, 0, 0, 0, 52, 25, 23], [17, 3, 0, 0, 0, 51, 25, 24], [17, 4, 0, 0, 0, 26, 25, 49], [17, 5, 0, 0, 0, 46, 26, 28], [17, 6, 0, 0, 0, 42, 27, 31], [17, 8, 0, 0, 0, 63, 21, 16], [17, 9, 0, 0, 0, 28, 26, 46], [17, 11, 0, 0, 0, 57, 23, 20], [17, 13, 0, 0, 0, 36, 27, 37], [17, 14, 0, 0, 0, 55, 24, 21], [17, 15, 0, 0, 0, 39, 27, 34], [17, 16, 0, 0, 0, 53, 25, 22]]