[[0.0, 0.0, 0.7, 2.3, 4.6, 7.3, 10.6, 12.3, 14.6, 15.2, 13.2, 10.1, 5.6, 2.4, 0.9, 0.2, 0.0, 0.0], [66.9, 31.6, 1.2, 0.3, 0.0, 0.0, 0.0, 0.0, 0.0, 0.0, 0.0, 0.0, 0.0, 0.0, 0.0, 0.0, 0.0, 0.0], [0.0, 0.0, 0.0, 0.0, 0.0, 0.0, 0.0, 0.1, 0.1, 0.5, 1.2, 2.6, 5.8, 10.9, 16.3, 21.7, 29.7, 11.1], [0.0, 0.0, 0.4, 1.2, 2.7, 4.4, 7.5, 10.5, 12.1, 14.1, 15.3, 14.2, 9.3, 4.9, 2.4, 0.8, 0.2, 0.0], [0.0, 0.0, 0.0, 0.0, 0.0, 0.0, 0.1, 0.2, 0.2, 0.8, 1.9, 3.5, 7.0, 11.8, 19.3, 23.6, 25.9, 5.7], [0.2, 2.8, 41.7, 23.8, 14.9, 7.9, 4.3, 2.4, 1.1, 0.5, 0.3, 0.1, 0.0, 0.0, 0.0, 0.0, 0.0, 0.0], [0.0, 0.0, 0.0, 0.0, 0.0, 0.0, 0.0, 0.0, 0.0, 0.0, 0.0, 0.2, 0.5, 1.1, 2.2, 5.0, 14.2, 76.8], [0.0, 0.0, 1.0, 2.8, 4.5, 8.1, 10.0, 12.8, 14.5, 14.4, 13.4, 8.9, 5.8, 2.6, 1.0, 0.2, 0.0, 0.0], [0.0, 0.0, 0.0, 0.2, 1.0, 2.1, 3.3, 5.7, 8.2, 11.4, 15.3, 19.3, 14.9, 10.1, 5.2, 2.5, 0.7, 0.1], [0.0, 0.2, 5.0, 9.4, 13.1, 15.0, 14.7, 14.2, 11.2, 8.4, 4.8, 2.7, 0.9, 0.3, 0.1, 0.0, 0.0, 0.0], [0.0, 0.2, 3.6, 8.3, 11.3, 14.0, 15.2, 12.7, 11.8, 9.7, 7.0, 3.7, 1.8, 0.6, 0.0, 0.0, 0.1, 0.0], [32.7, 62.6, 3.9, 0.6, 0.1, 0.1, 0.0, 0.0, 0.0, 0.0, 0.0, 0.0, 0.0, 0.0, 0.0, 0.0, 0.0, 0.0], [0.0, 0.0, 0.0, 0.0, 0.0, 0.1, 0.2, 0.4, 0.9, 1.7, 3.6, 6.9, 11.9, 17.2, 21.0, 20.0, 13.5, 2.6], [0.0, 0.0, 0.0, 0.0, 0.0, 0.2, 0.2, 0.5, 1.2, 2.2, 4.6, 8.7, 14.1, 18.9, 18.3, 16.7, 11.5, 2.9], [0.1, 1.3, 18.8, 22.2, 18.6, 14.6, 10.1, 6.3, 3.9, 2.4, 1.1, 0.5, 0.0, 0.1, 0.0, 0.0, 0.0, 0.0], [0.1, 1.3, 21.2, 23.0, 18.7, 12.6, 8.7, 5.9, 3.9, 2.3, 1.3, 0.7, 0.2, 0.1, 0.0, 0.0, 0.0, 0.0], [0.0, 0.0, 0.0, 0.0, 0.1, 0.5, 1.1, 1.7, 3.5, 5.6, 8.9, 13.2, 20.0, 18.2, 13.0, 9.2, 4.2, 0.8], [0.0, 0.0, 2.5, 5.9, 10.4, 13.1, 14.0, 14.3, 12.8, 10.8, 8.1, 4.7, 2.2, 0.8, 0.3, 0.1, 0.0, 0.0]]