[[10, 18, 3, 2, 1, 77, 15, 8], [7, 17, 4, 0, 1, 75, 16, 9], [9, 5, 1, 3, 1, 46, 26, 28], [11, 3, 1, 0, 1, 48, 26, 26], [14, 0, 2, 0, 1, 84, 11, 5], [16, 13, 1, 0, 1, 34, 27, 39], [19, 15, 1, 1, 1, 30, 26, 44], [1, 2, 2, 2, 1, 39, 27, 34], [6, 12, 3, 0, 1, 46, 26, 28], [8, 4, 3, 0, 1, 61, 22, 17], [13, 19, 1, 2, 1, 74, 16, 10], [15, 7, 1, 2, 1, 35, 27, 38], [0, 1, 0, 2, 1, 28, 26, 46], [2, 9, 2, 0, 1, 63, 21, 16], [3, 16, 0, 1, 1, 35, 27, 38], [12, 8, 0, 1, 1, 34, 27, 39], [18, 11, 1, 0, 1, 47, 26, 27], [4, 10, 1, 4, 1, 16, 22, 62], [5, 14, 0, 3, 1, 26, 25, 49], [17, 6, 3, 0, 1, 25, 25, 50], [9, 10, 0, 1, 1, 13, 20, 67], [7, 2, 3, 3, 1, 50, 25, 25], [11, 17, 1, 1, 1, 52, 25, 23], [13, 5, 2, 0, 1, 55, 24, 21], [15, 4, 2, 2, 1, 51, 25, 24], [16, 0, 3, 0, 1, 70, 18, 12], [19, 12, 0, 1, 1, 36, 27, 37], [6, 3, 0, 2, 1, 58, 23, 19], [8, 1, 1, 1, 1, 57, 23, 20], [14, 18, 6, 2, 1, 74, 16, 10], [14, 16, 3, 0, 1, 67, 20, 13], [0, 13, 3, 0, 1, 20, 23, 57], [2, 19, 2, 1, 1, 73, 17, 10], [3, 9, 1, 0, 1, 48, 26, 26], [4, 11, 2, 1, 1, 48, 26, 26], [12, 7, 0, 0, 1, 34, 27, 39], [18, 15, 3, 2, 1, 46, 26, 28], [1, 6, 1, 1, 1, 55, 24, 21], [5, 17, 2, 0, 1, 55, 24, 21], [10, 8, 6, 1, 1, 63, 21, 16], [6, 2, 0, 0, 1, 32, 26, 42], [9, 14, 1, 5, 1, 14, 20, 66], [3, 4, 2, 1, 1, 46, 26, 28], [11, 12, 0, 1, 1, 37, 27, 36], [13, 10, 4, 0, 1, 20, 23, 57], [17, 0, 0, 1, 1, 47, 26, 27], [19, 18, 0, 0, 1, 34, 27, 39], [7, 5, 2, 1, 1, 61, 22, 17], [8, 15, 1, 3, 1, 63, 21, 16], [16, 1, 1, 1, 1, 46, 26, 28], [18, 2, 0, 1, 1, 34, 27, 39], [4, 16, 0, 1, 1, 38, 27, 35], [5, 6, 1, 0, 1, 47, 26, 27], [10, 17, 3, 0, 1, 87, 9, 4], [12, 3, 1, 0, 1, 53, 25, 22], [19, 11, 0, 1, 1, 42, 27, 31], [0, 8, 0, 2, 1, 28, 26, 46], [1, 9, 0, 1, 1, 63, 21, 16], [14, 7, 2, 0, 1, 59, 23, 18], [15, 13, 0, 1, 1, 38, 27, 35], [0, 2, 0, 0, 0, 21, 24, 55], [0, 3, 0, 0, 0, 38, 27, 35], [0, 4, 0, 0, 0, 40, 27, 33], [0, 5, 0, 0, 0, 34, 27, 39], [0, 6, 0, 0, 0, 37, 27, 36], [0, 7, 0, 0, 0, 21, 24, 55], [0, 9, 0, 0, 0, 41, 27, 32], [0, 10, 0, 0, 0, 12, 19, 69], [0, 11, 0, 0, 0, 40, 27, 33], [0, 12, 0, 0, 0, 28, 26, 46], [0, 14, 0, 0, 0, 11, 18, 71], [0, 15, 0, 0, 0, 34, 27, 39], [0, 16, 0, 0, 0, 28, 26, 46], [0, 17, 0, 0, 0, 48, 26, 26], [0, 18, 0, 0, 0, 36, 27, 37], [0, 19, 0, 0, 0, 48, 26, 26], [1, 0, 0, 0, 0, 61, 22, 17], [1, 3, 0, 0, 0, 52, 25, 23], [1, 4, 0, 0, 0, 55, 24, 21], [1, 5, 0, 0, 0, 48, 26, 26], [1, 7, 0, 0, 0, 35, 27, 38], [1, 8, 0, 0, 0, 38, 27, 35], [1, 10, 0, 0, 0, 23, 24, 53], [1, 11, 0, 0, 0, 55, 24, 21], [1, 12, 0, 0, 0, 43, 27, 30], [1, 13, 0, 0, 0, 37, 27, 36], [1, 14, 0, 0, 0, 21, 24, 55], [1, 15, 0, 0, 0, 48, 26, 26], [1, 16, 0, 0, 0, 42, 27, 31], [1, 17, 0, 0, 0, 63, 21, 16], [1, 18, 0, 0, 0, 51, 25, 24], [1, 19, 0, 0, 0, 64, 21, 15], [2, 0, 0, 0, 0, 74, 16, 10], [2, 1, 0, 0, 0, 58, 23, 19], [2, 3, 0, 0, 0, 65, 20, 15], [2, 4, 0, 0, 0, 68, 19, 13], [2, 5, 0, 0, 0, 60, 22, 18], [2, 6, 0, 0, 0, 63, 21, 16], [2, 7, 0, 0, 0, 46, 26, 28], [2, 8, 0, 0, 0, 49, 26, 25], [2, 10, 0, 0, 0, 34, 27, 39], [2, 11, 0, 0, 0, 68, 19, 13], [2, 12, 0, 0, 0, 55, 24, 21], [2, 13, 0, 0, 0, 48, 26, 26], [2, 14, 0, 0, 0, 32, 26, 42], [2, 15, 0, 0, 0, 60, 22, 18], [2, 16, 0, 0, 0, 54, 24, 22], [2, 17, 0, 0, 0, 76, 15, 9], [2, 18, 0, 0, 0, 63, 21, 16], [3, 0, 0, 0, 0, 55, 24, 21], [3, 1, 0, 0, 0, 40, 27, 33], [3, 2, 0, 0, 0, 28, 26, 46], [3, 5, 0, 0, 0, 41, 27, 32], [3, 6, 0, 0, 0, 46, 26, 28], [3, 7, 0, 0, 0, 28, 26, 46], [3, 8, 0, 0, 0, 32, 26, 42], [3, 10, 0, 0, 0, 17, 22, 61], [3, 11, 0, 0, 0, 49, 26, 25], [3, 12, 0, 0, 0, 37, 27, 36], [3, 13, 0, 0, 0, 31, 26, 43], [3, 14, 0, 0, 0, 16, 21, 63], [3, 15, 0, 0, 0, 42, 27, 31], [3, 17, 0, 0, 0, 57, 23, 20], [3, 18, 0, 0, 0, 46, 26, 28], [3, 19, 0, 0, 0, 58, 23, 19], [4, 0, 0, 0, 0, 52, 25, 23], [4, 1, 0, 0, 0, 38, 27, 35], [4, 2, 0, 0, 0, 27, 26, 47], [4, 3, 0, 0, 0, 43, 27, 30], [4, 5, 0, 0, 0, 39, 27, 34], [4, 6, 0, 0, 0, 43, 27, 30], [4, 7, 0, 0, 0, 27, 26, 47], [4, 8, 0, 0, 0, 30, 26, 44], [4, 9, 0, 0, 0, 47, 26, 27], [4, 12, 0, 0, 0, 36, 27, 37], [4, 13, 0, 0, 0, 28, 26, 46], [4, 14, 0, 0, 0, 14, 20, 66], [4, 15, 0, 0, 0, 40, 27, 33], [4, 17, 0, 0, 0, 55, 24, 21], [4, 18, 0, 0, 0, 42, 27, 31], [4, 19, 0, 0, 0, 55, 24, 21], [5, 0, 0, 0, 0, 60, 22, 18], [5, 1, 0, 0, 0, 46, 26, 28], [5, 2, 0, 0, 0, 34, 27, 39], [5, 3, 0, 0, 0, 51, 25, 24], [5, 4, 0, 0, 0, 53, 25, 22], [5, 7, 0, 0, 0, 34, 27, 39], [5, 8, 0, 0, 0, 37, 27, 36], [5, 9, 0, 0, 0, 54, 24, 22], [5, 10, 0, 0, 0, 21, 24, 55], [5, 11, 0, 0, 0, 54, 24, 22], [5, 12, 0, 0, 0, 42, 27, 31], [5, 13, 0, 0, 0, 35, 27, 38], [5, 15, 0, 0, 0, 47, 26, 27], [5, 16, 0, 0, 0, 41, 27, 32], [5, 18, 0, 0, 0, 49, 26, 25], [5, 19, 0, 0, 0, 63, 21, 16], [6, 0, 0, 0, 0, 55, 24, 21], [6, 1, 0, 0, 0, 41, 27, 32], [6, 4, 0, 0, 0, 49, 26, 25], [6, 5, 0, 0, 0, 42, 27, 31], [6, 7, 0, 0, 0, 30, 26, 44], [6, 8, 0, 0, 0, 33, 27, 40], [6, 9, 0, 0, 0, 51, 25, 24], [6, 10, 0, 0, 0, 18, 23, 59], [6, 11, 0, 0, 0, 50, 25, 25], [6, 13, 0, 0, 0, 32, 26, 42], [6, 14, 0, 0, 0, 17, 22, 61], [6, 15, 0, 0, 0, 43, 27, 30], [6, 16, 0, 0, 0, 37, 27, 36], [6, 17, 0, 0, 0, 58, 23, 19], [6, 18, 0, 0, 0, 46, 26, 28], [6, 19, 0, 0, 0, 58, 23, 19], [7, 0, 0, 0, 0, 74, 16, 10], [7, 1, 0, 0, 0, 58, 23, 19], [7, 3, 0, 0, 0, 64, 21, 15], [7, 4, 0, 0, 0, 68, 19, 13], [7, 6, 0, 0, 0, 63, 21, 16], [7, 8, 0, 0, 0, 49, 26, 25], [7, 9, 0, 0, 0, 68, 19, 13], [7, 10, 0, 0, 0, 34, 27, 39], [7, 11, 0, 0, 0, 68, 19, 13], [7, 12, 0, 0, 0, 55, 24, 21], [7, 13, 0, 0, 0, 48, 26, 26], [7, 14, 0, 0, 0, 32, 26, 42], [7, 15, 0, 0, 0, 60, 22, 18], [7, 16, 0, 0, 0, 54, 24, 22], [7, 18, 0, 0, 0, 63, 21, 16], [7, 19, 0, 0, 0, 77, 15, 8], [8, 0, 0, 0, 0, 70, 18, 12], [8, 2, 0, 0, 0, 43, 27, 30], [8, 3, 0, 0, 0, 61, 22, 17], [8, 5, 0, 0, 0, 56, 24, 20], [8, 6, 0, 0, 0, 60, 22, 18], [8, 7, 0, 0, 0, 43, 27, 30], [8, 9, 0, 0, 0, 64, 21, 15], [8, 10, 0, 0, 0, 30, 26, 44], [8, 11, 0, 0, 0, 64, 21, 15], [8, 12, 0, 0, 0, 52, 25, 23], [8, 13, 0, 0, 0, 46, 26, 28], [8, 14, 0, 0, 0, 28, 26, 46], [8, 16, 0, 0, 0, 51, 25, 24], [8, 17, 0, 0, 0, 73, 17, 10], [8, 18, 0, 0, 0, 59, 23, 18], [8, 19, 0, 0, 0, 73, 17, 10], [9, 0, 0, 0, 0, 51, 25, 24], [9, 1, 0, 0, 0, 37, 27, 36], [9, 2, 0, 0, 0, 26, 25, 49], [9, 3, 0, 0, 0, 43, 27, 30], [9, 4, 0, 0, 0, 46, 26, 28], [9, 6, 0, 0, 0, 42, 27, 31], [9, 7, 0, 0, 0, 26, 25, 49], [9, 8, 0, 0, 0, 28, 26, 46], [9, 11, 0, 0, 0, 46, 26, 28], [9, 12, 0, 0, 0, 35, 27, 38], [9, 13, 0, 0, 0, 28, 26, 46], [9, 15, 0, 0, 0, 39, 27, 34], [9, 16, 0, 0, 0, 33, 27, 40], [9, 17, 0, 0, 0, 53, 25, 22], [9, 18, 0, 0, 0, 41, 27, 32], [9, 19, 0, 0, 0, 54, 24, 22], [10, 0, 0, 0, 0, 86, 10, 4], [10, 1, 0, 0, 0, 72, 17, 11], [10, 2, 0, 0, 0, 60, 22, 18], [10, 3, 0, 0, 0, 79, 14, 7], [10, 4, 0, 0, 0, 81, 13, 6], [10, 5, 0, 0, 0, 74, 16, 10], [10, 6, 0, 0, 0, 78, 14, 8], [10, 7, 0, 0, 0, 60, 22, 18], [10, 9, 0, 0, 0, 82, 12, 6], [10, 11, 0, 0, 0, 82, 12, 6], [10, 12, 0, 0, 0, 70, 18, 12], [10, 13, 0, 0, 0, 61, 22, 17], [10, 14, 0, 0, 0, 45, 27, 28], [10, 15, 0, 0, 0, 75, 16, 9], [10, 16, 0, 0, 0, 68, 19, 13], [10, 19, 0, 0, 0, 87, 9, 4], [11, 0, 0, 0, 0, 52, 25, 23], [11, 1, 0, 0, 0, 37, 27, 36], [11, 2, 0, 0, 0, 26, 25, 49], [11, 4, 0, 0, 0, 46, 26, 28], [11, 5, 0, 0, 0, 39, 27, 34], [11, 6, 0, 0, 0, 42, 27, 31], [11, 7, 0, 0, 0, 27, 25, 48], [11, 8, 0, 0, 0, 30, 26, 44], [11, 9, 0, 0, 0, 47, 26, 27], [11, 10, 0, 0, 0, 15, 21, 64], [11, 13, 0, 0, 0, 28, 26, 46], [11, 14, 0, 0, 0, 14, 20, 66], [11, 15, 0, 0, 0, 39, 27, 34], [11, 16, 0, 0, 0, 34, 27, 39], [11, 18, 0, 0, 0, 42, 27, 31], [11, 19, 0, 0, 0, 55, 24, 21], [12, 0, 0, 0, 0, 64, 21, 15], [12, 1, 0, 0, 0, 48, 26, 26], [12, 2, 0, 0, 0, 37, 27, 36], [12, 4, 0, 0, 0, 58, 23, 19], [12, 5, 0, 0, 0, 51, 25, 24], [12, 6, 0, 0, 0, 54, 24, 22], [12, 9, 0, 0, 0, 58, 23, 19], [12, 10, 0, 0, 0, 25, 25, 50], [12, 11, 0, 0, 0, 58, 23, 19], [12, 13, 0, 0, 0, 39, 27, 34], [12, 14, 0, 0, 0, 23, 25, 52], [12, 15, 0, 0, 0, 51, 25, 24], [12, 16, 0, 0, 0, 46, 26, 28], [12, 17, 0, 0, 0, 66, 20, 14], [12, 18, 0, 0, 0, 54, 24, 22], [12, 19, 0, 0, 0, 68, 19, 13], [13, 0, 0, 0, 0, 72, 17, 11], [13, 1, 0, 0, 0, 56, 24, 20], [13, 2, 0, 0, 0, 46, 26, 28], [13, 3, 0, 0, 0, 63, 21, 16], [13, 4, 0, 0, 0, 65, 20, 15], [13, 6, 0, 0, 0, 61, 22, 17], [13, 7, 0, 0, 0, 46, 26, 28], [13, 8, 0, 0, 0, 48, 26, 26], [13, 9, 0, 0, 0, 66, 20, 14], [13, 11, 0, 0, 0, 66, 20, 14], [13, 12, 0, 0, 0, 53, 25, 22], [13, 14, 0, 0, 0, 30, 26, 44], [13, 15, 0, 0, 0, 58, 23, 19], [13, 16, 0, 0, 0, 52, 25, 23], [13, 17, 0, 0, 0, 74, 16, 10], [13, 18, 0, 0, 0, 61, 22, 17], [14, 1, 0, 0, 0, 75, 16, 9], [14, 2, 0, 0, 0, 61, 22, 17], [14, 3, 0, 0, 0, 80, 13, 7], [14, 4, 0, 0, 0, 82, 12, 6], [14, 5, 0, 0, 0, 76, 15, 9], [14, 6, 0, 0, 0, 80, 13, 7], [14, 8, 0, 0, 0, 66, 20, 14], [14, 9, 0, 0, 0, 84, 11, 5], [14, 10, 0, 0, 0, 48, 26, 26], [14, 11, 0, 0, 0, 84, 11, 5], [14, 12, 0, 0, 0, 72, 17, 11], [14, 13, 0, 0, 0, 64, 21, 15], [14, 15, 0, 0, 0, 77, 15, 8], [14, 17, 0, 0, 0, 89, 8, 3], [14, 19, 0, 0, 0, 89, 8, 3], [15, 0, 0, 0, 0, 59, 23, 18], [15, 1, 0, 0, 0, 45, 27, 28], [15, 2, 0, 0, 0, 33, 27, 40], [15, 3, 0, 0, 0, 51, 25, 24], [15, 5, 0, 0, 0, 46, 26, 28], [15, 6, 0, 0, 0, 49, 26, 25], [15, 8, 0, 0, 0, 36, 27, 37], [15, 9, 0, 0, 0, 54, 24, 22], [15, 10, 0, 0, 0, 21, 24, 55], [15, 11, 0, 0, 0, 53, 25, 22], [15, 12, 0, 0, 0, 41, 27, 32], [15, 14, 0, 0, 0, 19, 23, 58], [15, 16, 0, 0, 0, 40, 27, 33], [15, 17, 0, 0, 0, 61, 22, 17], [15, 18, 0, 0, 0, 48, 26, 26], [15, 19, 0, 0, 0, 61, 22, 17], [16, 2, 0, 0, 0, 39, 27, 34], [16, 3, 0, 0, 0, 56, 24, 20], [16, 4, 0, 0, 0, 58, 23, 19], [16, 5, 0, 0, 0, 52, 25, 23], [16, 6, 0, 0, 0, 55, 24, 21], [16, 7, 0, 0, 0, 39, 27, 34], [16, 8, 0, 0, 0, 42, 27, 31], [16, 9, 0, 0, 0, 60, 22, 18], [16, 10, 0, 0, 0, 26, 25, 49], [16, 11, 0, 0, 0, 59, 23, 18], [16, 12, 0, 0, 0, 47, 26, 27], [16, 14, 0, 0, 0, 24, 25, 51], [16, 15, 0, 0, 0, 52, 25, 23], [16, 17, 0, 0, 0, 68, 19, 13], [16, 18, 0, 0, 0, 55, 24, 21], [16, 19, 0, 0, 0, 68, 19, 13], [17, 1, 0, 0, 0, 30, 26, 44], [17, 2, 0, 0, 0, 20, 23, 57], [17, 3, 0, 0, 0, 36, 27, 37], [17, 4, 0, 0, 0, 38, 27, 35], [17, 5, 0, 0, 0, 32, 26, 42], [17, 7, 0, 0, 0, 20, 23, 57], [17, 8, 0, 0, 0, 22, 24, 54], [17, 9, 0, 0, 0, 39, 27, 34], [17, 10, 0, 0, 0, 11, 18, 71], [17, 11, 0, 0, 0, 39, 27, 34], [17, 12, 0, 0, 0, 28, 26, 46], [17, 13, 0, 0, 0, 21, 24, 55], [17, 14, 0, 0, 0, 10, 17, 73], [17, 15, 0, 0, 0, 32, 26, 42], [17, 16, 0, 0, 0, 26, 25, 49], [17, 18, 0, 0, 0, 35, 27, 38], [17, 19, 0, 0, 0, 47, 26, 27], [18, 0, 0, 0, 0, 56, 24, 20], [18, 1, 0, 0, 0, 41, 27, 32], [18, 3, 0, 0, 0, 48, 26, 26], [18, 4, 0, 0, 0, 50, 25, 25], [18, 5, 0, 0, 0, 43, 27, 30], [18, 6, 0, 0, 0, 47, 26, 27], [18, 7, 0, 0, 0, 31, 26, 43], [18, 8, 0, 0, 0, 34, 27, 39], [18, 9, 0, 0, 0, 51, 25, 24], [18, 10, 0, 0, 0, 19, 23, 58], [18, 12, 0, 0, 0, 39, 27, 34], [18, 13, 0, 0, 0, 32, 26, 42], [18, 14, 0, 0, 0, 17, 22, 61], [18, 16, 0, 0, 0, 38, 27, 35], [18, 17, 0, 0, 0, 58, 23, 19], [18, 19, 0, 0, 0, 59, 23, 18], [19, 0, 0, 0, 0, 43, 27, 30], [19, 1, 0, 0, 0, 30, 26, 44], [19, 2, 0, 0, 0, 19, 23, 58], [19, 3, 0, 0, 0, 36, 27, 37], [19, 4, 0, 0, 0, 38, 27, 35], [19, 5, 0, 0, 0, 31, 26, 43], [19, 6, 0, 0, 0, 35, 27, 38], [19, 7, 0, 0, 0, 19, 23, 58], [19, 8, 0, 0, 0, 22, 24, 54], [19, 9, 0, 0, 0, 39, 27, 34], [19, 10, 0, 0, 0, 11, 18, 71], [19, 13, 0, 0, 0, 21, 24, 55], [19, 14, 0, 0, 0, 10, 17, 73], [19, 16, 0, 0, 0, 26, 25, 49], [19, 17, 0, 0, 0, 46, 26, 28]]